7.370247711171132323e+03
1.000000000000000114e+03
1.000000000000088562e+03
4.999999999999973807e+05
1.452922177936942535e+04
4.999999999992475496e+05
3.446623821019344177e+04
1.000000000000000114e+03
2.560284493057460622e+03
3.495955931551181493e+03
7.697213202607143103e+03
2.440019420609653935e+03
3.791963487564377283e+04
3.385008261009581474e+03
5.480208657545720780e+04
1.377885207148627160e+04
2.313255867859663340e+04
4.999999999999999418e+05
1.118398643170052128e+04
6.221438062934767004e+03
