Profile 1             
x       y           
[m]     [m]         
0  3.8510279e-009            
4.8923773e-009  3.8738274e-009            
9.7847545e-009  3.8301865e-009            
1.4677132e-008  3.8571951e-009            
1.9569509e-008  3.8573633e-009            
2.4461886e-008  3.8625308e-009            
2.9354264e-008  3.8115746e-009            
3.4246641e-008  3.595801e-009            
3.9139018e-008  3.5106224e-009            
4.4031395e-008  3.6885946e-009            
4.8923773e-008  3.9381612e-009            
5.381615e-008  3.9849575e-009            
5.8708527e-008  3.9949361e-009            
6.3600905e-008  3.9744923e-009            
6.8493282e-008  3.915219e-009            
7.3385659e-008  3.845391e-009            
7.8278036e-008  3.4213745e-009            
8.3170414e-008  3.3487312e-009            
8.8062791e-008  3.7191924e-009            
9.2955168e-008  4.0395779e-009            
9.7847545e-008  4.0758209e-009            
1.0273992e-007  4.0357862e-009            
1.076323e-007  3.9778733e-009            
1.1252468e-007  3.9122182e-009            
1.1741705e-007  3.9656817e-009            
1.2230943e-007  4.0079376e-009            
1.2720181e-007  3.990297e-009            
1.3209419e-007  3.8754328e-009            
1.3698656e-007  3.9442325e-009            
1.4187894e-007  3.9841263e-009            
1.4677132e-007  4.0048752e-009            
1.516637e-007  3.9769469e-009            
1.5655607e-007  3.887796e-009            
1.6144845e-007  3.9127012e-009            
1.6634083e-007  3.9314762e-009            
1.712332e-007  3.9329012e-009            
1.7612558e-007  4.0303152e-009            
1.8101796e-007  4.0338633e-009            
1.8591034e-007  4.0025603e-009            
1.9080271e-007  3.9555197e-009            
1.9569509e-007  3.858071e-009            
2.0058747e-007  3.7506113e-009            
2.0547985e-007  3.7384577e-009            
2.1037222e-007  3.7809179e-009            
2.152646e-007  3.8336966e-009            
2.2015698e-007  3.8856117e-009            
2.2504935e-007  3.9397077e-009            
2.2994173e-007  3.9033735e-009            
2.3483411e-007  3.7789843e-009            
2.3972649e-007  3.7466821e-009            
2.4461886e-007  3.8370402e-009            
2.4951124e-007  3.8975069e-009            
2.5440362e-007  3.8421294e-009            
2.59296e-007  3.5609507e-009            
2.6418837e-007  2.8388705e-009            
2.6908075e-007  2.4495945e-009            
2.7397313e-007  2.9296319e-009            
2.788655e-007  3.5851772e-009            
2.8375788e-007  3.666906e-009            
2.8865026e-007  3.745341e-009            
2.9354264e-007  3.9192127e-009            
2.9843501e-007  3.9826132e-009            
3.0332739e-007  3.9436373e-009            
3.0821977e-007  3.9662659e-009            
3.1311215e-007  3.9845779e-009            
3.1800452e-007  3.9814937e-009            
3.228969e-007  3.9363502e-009            
3.2778928e-007  3.9080242e-009            
3.3268165e-007  3.8003156e-009            
3.3757403e-007  3.7565433e-009            
3.4246641e-007  3.810314e-009            
3.4735879e-007  3.7996172e-009            
3.5225116e-007  3.9636224e-009            
3.5714354e-007  4.001598e-009            
3.6203592e-007  3.98826e-009            
3.669283e-007  3.9464156e-009            
3.7182067e-007  3.8707979e-009            
3.7671305e-007  3.8439264e-009            
3.8160543e-007  3.8598888e-009            
3.864978e-007  3.8219219e-009            
3.9139018e-007  3.7813584e-009            
3.9628256e-007  3.7683983e-009            
4.0117494e-007  3.7255822e-009            
4.0606731e-007  3.6361193e-009            
4.1095969e-007  3.8220907e-009            
4.1585207e-007  3.8120598e-009            
4.2074445e-007  3.6491357e-009            
4.2563682e-007  3.7064577e-009            
4.305292e-007  3.6376079e-009            
4.3542158e-007  3.6832315e-009            
4.4031395e-007  3.8044998e-009            
4.4520633e-007  3.8130565e-009            
4.5009871e-007  3.749116e-009            
4.5499109e-007  3.7113115e-009            
4.5988346e-007  3.6849135e-009            
4.6477584e-007  3.7004118e-009            
4.6966822e-007  3.6633216e-009            
4.745606e-007  3.675974e-009            
4.7945297e-007  3.7626076e-009            
4.8434535e-007  3.7495238e-009            
4.8923773e-007  3.6936595e-009            
4.941301e-007  3.5515225e-009            
4.9902248e-007  3.5506595e-009            
5.0391486e-007  3.707164e-009            
5.0880724e-007  3.7937609e-009            
5.1369961e-007  3.8063054e-009            
5.1859199e-007  3.8288528e-009            
5.2348437e-007  3.801974e-009            
5.2837675e-007  3.7001077e-009            
5.3326912e-007  3.6599308e-009            
5.381615e-007  3.6872918e-009            
5.4305388e-007  3.7176724e-009            
5.4794625e-007  3.7643908e-009            
5.5283863e-007  3.8985197e-009            
5.5773101e-007  3.9218386e-009            
5.6262339e-007  3.9073009e-009            
5.6751576e-007  3.816347e-009            
5.7240814e-007  3.6737563e-009            
5.7730052e-007  3.7315747e-009            
5.821929e-007  3.7574901e-009            
5.8708527e-007  3.6440018e-009            
5.9197765e-007  3.6437448e-009            
5.9687003e-007  3.6916319e-009            
6.017624e-007  3.8277922e-009            
6.0665478e-007  3.8046993e-009            
6.1154716e-007  3.7254193e-009            
6.1643954e-007  3.787586e-009            
6.2133191e-007  3.72776e-009            
6.2622429e-007  3.7903639e-009            
6.3111667e-007  3.8759658e-009            
6.3600905e-007  3.9049173e-009            
6.4090142e-007  3.8698294e-009            
6.457938e-007  3.8984592e-009            
6.5068618e-007  4.0803872e-009            
6.5557855e-007  4.168182e-009            
6.6047093e-007  4.1987539e-009            
6.6536331e-007  4.1545914e-009            
6.7025569e-007  3.9674633e-009            
6.7514806e-007  3.9166842e-009            
6.8004044e-007  3.9676479e-009            
6.8493282e-007  4.0020695e-009            
6.898252e-007  3.89131e-009            
6.9471757e-007  3.838895e-009            
6.9960995e-007  3.8359245e-009            
7.0450233e-007  3.8316251e-009            
7.093947e-007  3.868485e-009            
7.1428708e-007  3.8892917e-009            
7.1917946e-007  3.8994149e-009            
7.2407184e-007  3.8340203e-009            
7.2896421e-007  3.8898461e-009            
7.3385659e-007  3.9335526e-009            
7.3874897e-007  3.8335077e-009            
7.4364135e-007  3.8516311e-009            
7.4853372e-007  3.7890584e-009            
7.534261e-007  3.8626287e-009            
7.5831848e-007  3.9385401e-009            
7.6321085e-007  4.0031142e-009            
7.6810323e-007  4.0400177e-009            
7.7299561e-007  4.0042384e-009            
7.7788799e-007  4.0689029e-009            
7.8278036e-007  3.9136774e-009            
7.8767274e-007  3.7237952e-009            
7.9256512e-007  3.7817588e-009            
7.974575e-007  3.8509897e-009            
8.0234987e-007  3.8495502e-009            
8.0724225e-007  3.9130916e-009            
8.1213463e-007  4.0171269e-009            
8.17027e-007  3.9880119e-009            
8.2191938e-007  3.9653953e-009            
8.2681176e-007  3.942955e-009            
8.3170414e-007  3.9794453e-009            
8.3659651e-007  3.988836e-009            
8.4148889e-007  3.9316826e-009            
8.4638127e-007  3.728898e-009            
8.5127365e-007  3.8515772e-009            
8.5616602e-007  3.958191e-009            
8.610584e-007  3.8357694e-009            
8.6595078e-007  3.7197984e-009            
8.7084315e-007  3.8554704e-009            
8.7573553e-007  3.8245298e-009            
8.8062791e-007  3.8294799e-009            
8.8552029e-007  3.8243387e-009            
8.9041266e-007  3.8479927e-009            
8.9530504e-007  3.9375968e-009            
9.0019742e-007  3.8748323e-009            
9.050898e-007  3.8931541e-009            
9.0998217e-007  3.9948807e-009            
9.1487455e-007  4.0186362e-009            
9.1976693e-007  3.9450961e-009            
9.246593e-007  3.9196839e-009            
9.2955168e-007  3.7842766e-009            
9.3444406e-007  3.8142615e-009            
9.3933644e-007  3.9341869e-009            
9.4422881e-007  3.9616813e-009            
9.4912119e-007  4.0140048e-009            
9.5401357e-007  4.1764043e-009            
9.5890595e-007  4.2982268e-009            
9.6379832e-007  4.2862834e-009            
9.686907e-007  4.1774315e-009            
9.7358308e-007  4.0159413e-009            
9.7847545e-007  3.9269002e-009            
9.8336783e-007  3.8462393e-009            
9.8826021e-007  3.7969424e-009            
9.9315259e-007  3.7547274e-009            
9.9804496e-007  3.7483881e-009            
1.0029373e-006  3.7962669e-009            
1.0078297e-006  3.773423e-009            
1.0127221e-006  3.7064085e-009            
1.0176145e-006  3.7587583e-009            
1.0225069e-006  3.7160937e-009            
1.0273992e-006  3.7138609e-009            
1.0322916e-006  3.7089256e-009            
1.037184e-006  3.7433997e-009            
1.0420764e-006  3.8279767e-009            
1.0469687e-006  3.7666788e-009            
1.0518611e-006  3.5585673e-009            
1.0567535e-006  3.1692649e-009            
1.0616459e-006  3.067559e-009            
1.0665382e-006  2.7133953e-009            
1.0714306e-006  2.0596157e-009            
1.076323e-006  1.4825449e-009            
1.0812154e-006  1.4954111e-009            
1.0861078e-006  2.9399565e-009            
1.0910001e-006  3.5300166e-009            
1.0958925e-006  3.7000985e-009            
1.1007849e-006  3.8691582e-009            
1.1056773e-006  4.0097023e-009            
1.1105696e-006  4.0600082e-009            
1.115462e-006  4.080284e-009            
1.1203544e-006  4.0633976e-009            
1.1252468e-006  4.048029e-009            
1.1301392e-006  4.1237331e-009            
1.1350315e-006  4.1721686e-009            
1.1399239e-006  4.0818144e-009            
1.1448163e-006  4.0538395e-009            
1.1497087e-006  4.085187e-009            
1.154601e-006  4.0495601e-009            
1.1594934e-006  4.0959999e-009            
1.1643858e-006  4.0727765e-009            
1.1692782e-006  4.0317175e-009            
1.1741705e-006  3.9913053e-009            
1.1790629e-006  3.9826826e-009            
1.1839553e-006  4.0570487e-009            
1.1888477e-006  4.1198757e-009            
1.1937401e-006  4.184756e-009            
1.1986324e-006  4.2445962e-009            
1.2035248e-006  4.2769562e-009            
1.2084172e-006  3.8475526e-009            
1.2133096e-006  3.2896239e-009            
1.2182019e-006  3.0043658e-009            
1.2230943e-006  2.9747578e-009            
1.2279867e-006  3.7002536e-009            
1.2328791e-006  4.1305527e-009            
1.2377715e-006  4.2914972e-009            
1.2426638e-006  4.2564009e-009            
1.2475562e-006  4.24807e-009            
1.2524486e-006  4.2036947e-009            
1.257341e-006  3.9437559e-009            
1.2622333e-006  3.4923842e-009            
1.2671257e-006  3.5278412e-009            
1.2720181e-006  3.7452729e-009            
1.2769105e-006  3.7997859e-009            
1.2818028e-006  3.5036853e-009            
1.2866952e-006  3.8155645e-009            
1.2915876e-006  4.0977106e-009            
1.29648e-006  4.1316182e-009            
1.3013724e-006  4.2220239e-009            
1.3062647e-006  4.1650866e-009            
1.3111571e-006  4.0851628e-009            
1.3160495e-006  3.9198087e-009            
1.3209419e-006  4.2707622e-009            
1.3258342e-006  4.209436e-009            
1.3307266e-006  4.2243829e-009            
1.335619e-006  4.290479e-009            
1.3405114e-006  4.3543888e-009            
1.3454038e-006  4.4205198e-009            
1.3502961e-006  4.4211881e-009            
1.3551885e-006  4.2975258e-009            
1.3600809e-006  4.0312412e-009            
1.3649733e-006  4.1339377e-009            
1.3698656e-006  4.3363789e-009            
1.374758e-006  4.3307294e-009            
1.3796504e-006  4.2835619e-009            
1.3845428e-006  4.2635528e-009            
1.3894351e-006  4.1336637e-009            
1.3943275e-006  4.1312978e-009            
1.3992199e-006  4.0523237e-009            
1.4041123e-006  4.0491343e-009            
1.4090047e-006  4.0840875e-009            
1.413897e-006  4.1039858e-009            
1.4187894e-006  4.0762164e-009            
1.4236818e-006  4.1809311e-009            
1.4285742e-006  4.4030912e-009            
1.4334665e-006  4.498448e-009            
1.4383589e-006  4.5043083e-009            
1.4432513e-006  4.3842321e-009            
1.4481437e-006  4.2452452e-009            
1.4530361e-006  4.1362037e-009            
1.4579284e-006  4.1168665e-009            
1.4628208e-006  4.1116293e-009            
1.4677132e-006  4.1066805e-009            
1.4726056e-006  4.1009521e-009            
1.4774979e-006  4.0705837e-009            
1.4823903e-006  4.0340695e-009            
1.4872827e-006  3.9820199e-009            
1.4921751e-006  3.8357672e-009            
1.4970674e-006  3.2643264e-009            
1.5019598e-006  2.5141508e-009            
1.5068522e-006  2.3944021e-009            
1.5117446e-006  2.4676e-009            
1.516637e-006  1.5990105e-009            
1.5215293e-006  1.775634e-009            
1.5264217e-006  2.9200896e-009            
1.5313141e-006  3.8105801e-009            
1.5362065e-006  4.0235449e-009            
1.5410988e-006  4.0654491e-009            
1.5459912e-006  4.1408092e-009            
1.5508836e-006  4.1663728e-009            
1.555776e-006  4.1594735e-009            
1.5606684e-006  4.1989477e-009            
1.5655607e-006  4.1707164e-009            
1.5704531e-006  4.1797175e-009            
1.5753455e-006  4.1197229e-009            
1.5802379e-006  4.101765e-009            
1.5851302e-006  4.1811881e-009            
1.5900226e-006  4.2721071e-009            
1.594915e-006  4.2949842e-009            
1.5998074e-006  4.2614118e-009            
1.6046997e-006  4.2166312e-009            
1.6095921e-006  4.060179e-009            
1.6144845e-006  3.5615012e-009            
1.6193769e-006  2.7452935e-009            
1.6242693e-006  2.0029013e-009            
1.6291616e-006  1.4611927e-009            
1.634054e-006  2.0782394e-009            
1.6389464e-006  3.3912459e-009            
1.6438388e-006  3.8067259e-009            
1.6487311e-006  3.9568691e-009            
1.6536235e-006  3.9765533e-009            
1.6585159e-006  4.0830287e-009            
1.6634083e-006  4.1981919e-009            
1.6683007e-006  4.3955939e-009            
1.673193e-006  4.4749208e-009            
1.6780854e-006  4.3311991e-009            
1.6829778e-006  4.0179135e-009            
1.6878702e-006  3.7772149e-009            
1.6927625e-006  3.9325757e-009            
1.6976549e-006  4.141339e-009            
1.7025473e-006  4.2312784e-009            
1.7074397e-006  4.2149869e-009            
1.712332e-006  4.139073e-009            
1.7172244e-006  4.1182445e-009            
1.7221168e-006  4.1734834e-009            
1.7270092e-006  4.1319788e-009            
1.7319016e-006  4.0504384e-009            
1.7367939e-006  4.090514e-009            
1.7416863e-006  4.0959187e-009            
1.7465787e-006  4.1583032e-009            
1.7514711e-006  4.1060871e-009            
1.7563634e-006  4.0554903e-009            
1.7612558e-006  4.1003145e-009            
1.7661482e-006  4.1364762e-009            
1.7710406e-006  4.119633e-009            
1.775933e-006  4.1310202e-009            
1.7808253e-006  4.1320945e-009            
1.7857177e-006  4.1210342e-009            
1.7906101e-006  4.086485e-009            
1.7955025e-006  4.1404995e-009            
1.8003948e-006  4.1692972e-009            
1.8052872e-006  4.1547395e-009            
1.8101796e-006  4.1788394e-009            
1.815072e-006  4.1792341e-009            
1.8199643e-006  4.2034382e-009            
1.8248567e-006  4.2153168e-009            
1.8297491e-006  4.1694105e-009            
1.8346415e-006  4.2089428e-009            
1.8395339e-006  4.2695288e-009            
1.8444262e-006  4.200279e-009            
1.8493186e-006  4.0957568e-009            
1.854211e-006  4.1446853e-009            
1.8591034e-006  4.0883571e-009            
1.8639957e-006  3.7163991e-009            
1.8688881e-006  3.6426313e-009            
1.8737805e-006  4.0105197e-009            
1.8786729e-006  4.2213351e-009            
1.8835653e-006  4.2331138e-009            
1.8884576e-006  4.2816548e-009            
1.89335e-006  4.3438421e-009            
1.8982424e-006  4.3286631e-009            
1.9031348e-006  4.2658031e-009            
1.9080271e-006  4.1721454e-009            
1.9129195e-006  4.0778321e-009            
1.9178119e-006  4.1265628e-009            
1.9227043e-006  4.1504499e-009            
1.9275966e-006  4.0320025e-009            
1.932489e-006  4.0395779e-009            
1.9373814e-006  4.2091684e-009            
1.9422738e-006  4.1952276e-009            
1.9471662e-006  4.2095095e-009            
1.9520585e-006  4.1809394e-009            
1.9569509e-006  4.2091637e-009            
1.9618433e-006  4.3070123e-009            
1.9667357e-006  4.3684081e-009            
1.971628e-006  4.3932198e-009            
1.9765204e-006  4.3329792e-009            
1.9814128e-006  4.3301276e-009            
1.9863052e-006  4.2370166e-009            
1.9911976e-006  4.1492757e-009            
1.9960899e-006  4.0731102e-009            
2.0009823e-006  4.0011771e-009            
2.0058747e-006  4.0717025e-009            
2.0107671e-006  4.1835005e-009            
2.0156594e-006  4.1785117e-009            
2.0205518e-006  4.2102659e-009            
2.0254442e-006  4.3580078e-009            
2.0303366e-006  4.3477636e-009            
2.0352289e-006  4.3667137e-009            
2.0401213e-006  4.3661119e-009            
2.0450137e-006  4.0961018e-009            
2.0499061e-006  3.9618998e-009            
2.0547985e-006  3.9255068e-009            
2.0596908e-006  4.1069702e-009            
2.0645832e-006  4.1691971e-009            
2.0694756e-006  4.3164641e-009            
2.074368e-006  4.3993927e-009            
2.0792603e-006  4.3727422e-009            
2.0841527e-006  4.2784769e-009            
2.0890451e-006  4.3122165e-009            
2.0939375e-006  4.3175811e-009            
2.0988299e-006  4.387952e-009            
2.1037222e-006  4.4607382e-009            
2.1086146e-006  4.5381105e-009            
2.113507e-006  4.5093757e-009            
2.1183994e-006  4.4871826e-009            
2.1232917e-006  4.4650178e-009            
2.1281841e-006  4.4333604e-009            
2.1330765e-006  4.3519629e-009            
2.1379689e-006  4.2769876e-009            
2.1428612e-006  4.2688433e-009            
2.1477536e-006  4.3208164e-009            
2.152646e-006  4.2630535e-009            
2.1575384e-006  4.1528665e-009            
2.1624308e-006  4.2549103e-009            
2.1673231e-006  4.2984466e-009            
2.1722155e-006  4.3732003e-009            
2.1771079e-006  4.3445087e-009            
2.1820003e-006  4.2744238e-009            
2.1868926e-006  4.2925876e-009            
2.191785e-006  4.2900647e-009            
2.1966774e-006  4.2493072e-009            
2.2015698e-006  4.2110094e-009            
2.2064622e-006  4.1456166e-009            
2.2113545e-006  4.1091255e-009            
2.2162469e-006  4.1243489e-009            
2.2211393e-006  4.1923298e-009            
2.2260317e-006  4.1863122e-009            
2.230924e-006  4.2411148e-009            
2.2358164e-006  4.2137286e-009            
2.2407088e-006  4.1789629e-009            
2.2456012e-006  4.2186002e-009            
2.2504935e-006  4.2950329e-009            
2.2553859e-006  4.3934163e-009            
2.2602783e-006  4.3567226e-009            
2.2651707e-006  4.2631783e-009            
2.2700631e-006  4.1215588e-009            
2.2749554e-006  3.9679821e-009            
2.2798478e-006  4.1328078e-009            
2.2847402e-006  4.2204421e-009            
2.2896326e-006  4.160649e-009            
2.2945249e-006  3.8852539e-009            
2.2994173e-006  3.3083559e-009            
2.3043097e-006  2.2919553e-009            
2.3092021e-006  2.4401162e-009            
2.3140945e-006  3.4626726e-009            
2.3189868e-006  3.9886816e-009            
2.3238792e-006  4.099892e-009            
2.3287716e-006  4.2225814e-009            
2.333664e-006  4.1984356e-009            
2.3385563e-006  4.1552844e-009            
2.3434487e-006  4.1902844e-009            
2.3483411e-006  4.2501735e-009            
2.3532335e-006  4.3025669e-009            
2.3581258e-006  4.2919039e-009            
2.3630182e-006  4.1850523e-009            
2.3679106e-006  4.1632438e-009            
2.372803e-006  4.1793339e-009            
2.3776954e-006  4.1075462e-009            
2.3825877e-006  4.1119375e-009            
2.3874801e-006  4.130823e-009            
2.3923725e-006  4.1645876e-009            
2.3972649e-006  4.1714909e-009            
2.4021572e-006  4.1754579e-009            
2.4070496e-006  4.0715786e-009            
2.411942e-006  3.9566995e-009            
2.4168344e-006  3.945604e-009            
2.4217268e-006  3.2428463e-009            
2.4266191e-006  3.2920585e-009            
2.4315115e-006  3.6281472e-009            
2.4364039e-006  3.9397491e-009            
2.4412963e-006  3.9606739e-009            
2.4461886e-006  3.9940549e-009            
2.451081e-006  4.0262834e-009            
2.4559734e-006  4.0366111e-009            
2.4608658e-006  3.9859513e-009            
2.4657581e-006  3.9483906e-009            
2.4706505e-006  3.9416499e-009            
2.4755429e-006  3.9454532e-009            
2.4804353e-006  4.0082904e-009            
2.4853277e-006  3.9953241e-009            
2.49022e-006  3.9886914e-009            
2.4951124e-006  4.0028355e-009            
2.5000048e-006  3.9630095e-009            
