01C             
x       y           
[m]     [m]         
0  1.0950203e-008            
4.8923679e-009  1.2261467e-008            
9.7847358e-009  1.3585009e-008            
1.4677104e-008  1.3770318e-008            
1.9569472e-008  1.3117415e-008            
2.446184e-008  1.2101964e-008            
2.9354207e-008  1.1228508e-008            
3.4246575e-008  1.0123017e-008            
3.9138943e-008  8.3468876e-009            
4.4031311e-008  8.4799012e-009            
4.8923679e-008  9.1855554e-009            
5.3816047e-008  1.0579015e-008            
5.8708415e-008  1.0660415e-008            
6.3600783e-008  1.0729991e-008            
6.8493151e-008  1.0718395e-008            
7.3385519e-008  1.0692816e-008            
7.8277886e-008  1.0826056e-008            
8.3170254e-008  1.1247266e-008            
8.8062622e-008  1.2115606e-008            
9.295499e-008  1.1957695e-008            
9.7847358e-008  1.1687348e-008            
1.0273973e-007  1.1125621e-008            
1.0763209e-007  1.0668373e-008            
1.1252446e-007  1.0674967e-008            
1.1741683e-007  1.2210762e-008            
1.223092e-007  1.3445174e-008            
1.2720157e-007  1.4332841e-008            
1.3209393e-007  1.525359e-008            
1.369863e-007  1.490389e-008            
1.4187867e-007  1.460694e-008            
1.4677104e-007  1.4425382e-008            
1.5166341e-007  1.4340799e-008            
1.5655577e-007  1.4263037e-008            
1.6144814e-007  1.4160833e-008            
1.6634051e-007  1.3833528e-008            
1.7123288e-007  1.3333192e-008            
1.7612524e-007  1.2430178e-008            
1.8101761e-007  1.1330599e-008            
1.8590998e-007  1.1197585e-008            
1.9080235e-007  1.116166e-008            
1.9569472e-007  1.095998e-008            
2.0058708e-007  1.0023996e-008            
2.0547945e-007  8.5515239e-009            
2.1037182e-007  7.0783699e-009            
2.1526419e-007  6.6332859e-009            
2.2015656e-007  6.6617076e-009            
2.2504892e-007  6.7086603e-009            
2.2994129e-007  6.6244183e-009            
2.3483366e-007  6.6635266e-009            
2.3972603e-007  7.107019e-009            
2.446184e-007  9.397354e-009            
2.4951076e-007  1.1449174e-008            
2.5440313e-007  1.1213615e-008            
2.592955e-007  1.0897907e-008            
2.6418787e-007  1.0818894e-008            
2.6908023e-007  1.1309567e-008            
2.739726e-007  1.2343662e-008            
2.7886497e-007  1.3719955e-008            
2.8375734e-007  1.4907187e-008            
2.8864971e-007  1.5280875e-008            
2.9354207e-007  1.518913e-008            
2.9843444e-007  1.46415e-008            
3.0332681e-007  1.387059e-008            
3.0821918e-007  1.3392764e-008            
3.1311155e-007  1.2994974e-008            
3.1800391e-007  1.2528176e-008            
3.2289628e-007  1.2151759e-008            
3.2778865e-007  1.2040573e-008            
3.3268102e-007  1.2947339e-008            
3.3757339e-007  1.4549755e-008            
3.4246575e-007  1.5792239e-008            
3.4735812e-007  1.6946842e-008            
3.5225049e-007  1.7157731e-008            
3.5714286e-007  1.6599301e-008            
3.6203523e-007  1.5812134e-008            
3.6692759e-007  1.5246655e-008            
3.7181996e-007  1.4830107e-008            
3.7671233e-007  1.4448347e-008            
3.816047e-007  1.3767817e-008            
3.8649706e-007  1.3518843e-008            
3.9138943e-007  1.3289537e-008            
3.962818e-007  1.321564e-008            
4.0117417e-007  1.2837518e-008            
4.0606654e-007  1.2255668e-008            
4.109589e-007  1.0370172e-008            
4.1585127e-007  7.3962383e-009            
4.2074364e-007  7.19524e-009            
4.2563601e-007  7.8431412e-009            
4.3052838e-007  1.0574581e-008            
4.3542074e-007  1.0929739e-008            
4.4031311e-007  1.1351517e-008            
4.4520548e-007  1.160015e-008            
4.5009785e-007  1.1191105e-008            
4.5499022e-007  1.0788312e-008            
4.5988258e-007  1.0604595e-008            
4.6477495e-007  1.0473968e-008            
4.6966732e-007  9.3431254e-009            
4.7455969e-007  8.7572971e-009            
4.7945205e-007  8.9171408e-009            
4.8434442e-007  1.0302642e-008            
4.8923679e-007  1.2112423e-008            
4.9412916e-007  1.3068757e-008            
4.9902153e-007  1.404328e-008            
5.0391389e-007  1.4500529e-008            
5.0880626e-007  1.4844773e-008            
5.1369863e-007  1.5536671e-008            
5.18591e-007  1.6142735e-008            
5.2348337e-007  1.6424337e-008            
5.2837573e-007  1.5306796e-008            
5.332681e-007  1.4000307e-008            
5.3816047e-007  1.3159251e-008            
5.4305284e-007  1.261219e-008            
5.4794521e-007  1.1899374e-008            
5.5283757e-007  1.1324232e-008            
5.5772994e-007  1.0004328e-008            
5.6262231e-007  8.8183469e-009            
5.6751468e-007  9.2308028e-009            
5.7240705e-007  9.2579739e-009            
5.7729941e-007  1.0471695e-008            
5.8219178e-007  1.1315592e-008            
5.8708415e-007  1.1425868e-008            
5.9197652e-007  1.1108568e-008            
5.9686888e-007  1.0666554e-008            
6.0176125e-007  1.1002498e-008            
6.0665362e-007  1.1060024e-008            
6.1154599e-007  1.1269549e-008            
6.1643836e-007  1.1685643e-008            
6.2133072e-007  1.3099339e-008            
6.2622309e-007  1.3902195e-008            
6.3111546e-007  1.4125703e-008            
6.3600783e-007  1.4517923e-008            
6.409002e-007  1.4609782e-008            
6.4579256e-007  1.4557145e-008            
6.5068493e-007  1.4370585e-008            
6.555773e-007  1.3630483e-008            
6.6046967e-007  1.320916e-008            
6.6536204e-007  1.3121166e-008            
6.702544e-007  1.3163003e-008            
6.7514677e-007  1.3079102e-008            
6.8003914e-007  1.321871e-008            
6.8493151e-007  1.3393787e-008            
6.8982387e-007  1.3570343e-008            
6.9471624e-007  1.3570002e-008            
6.9960861e-007  1.381602e-008            
7.0450098e-007  1.4305783e-008            
7.0939335e-007  1.5373871e-008            
7.1428571e-007  1.5957085e-008            
7.1917808e-007  1.6383979e-008            
7.2407045e-007  1.6899094e-008            
7.2896282e-007  1.675312e-008            
7.3385519e-007  1.5679689e-008            
7.3874755e-007  1.4848752e-008            
7.4363992e-007  1.4308398e-008            
7.4853229e-007  1.412684e-008            
7.5342466e-007  1.4014404e-008            
7.5831703e-007  1.3844101e-008            
7.6320939e-007  1.3529075e-008            
7.6810176e-007  1.3362637e-008            
7.7299413e-007  1.3144927e-008            
7.778865e-007  1.2998498e-008            
7.8277886e-007  1.3072054e-008            
7.8767123e-007  1.3608314e-008            
7.925636e-007  1.3946647e-008            
7.9745597e-007  1.3928798e-008            
8.0234834e-007  1.3684598e-008            
8.072407e-007  1.3337512e-008            
8.1213307e-007  1.3019303e-008            
8.1702544e-007  1.2410851e-008            
8.2191781e-007  1.1591055e-008            
8.2681018e-007  9.8722239e-009            
8.3170254e-007  7.7200184e-009            
8.3659491e-007  7.3274578e-009            
8.4148728e-007  7.2931243e-009            
8.4637965e-007  7.4936679e-009            
8.5127202e-007  1.0571853e-008            
8.5616438e-007  1.1738052e-008            
8.6105675e-007  1.18971e-008            
8.6594912e-007  1.0551958e-008            
8.7084149e-007  7.785502e-009            
8.7573386e-007  7.5741582e-009            
8.8062622e-007  7.5426669e-009            
8.8551859e-007  7.8797484e-009            
8.9041096e-007  8.1696498e-009            
8.9530333e-007  1.1307975e-008            
9.0019569e-007  1.3134581e-008            
9.0508806e-007  1.5133651e-008            
9.0998043e-007  1.5805881e-008            
9.148728e-007  1.5290993e-008            
9.1976517e-007  1.5065893e-008            
9.2465753e-007  1.505407e-008            
9.295499e-007  1.4953685e-008            
9.3444227e-007  1.5475507e-008            
9.3933464e-007  1.4874672e-008            
9.4422701e-007  1.3087401e-008            
9.4911937e-007  1.2655846e-008            
9.5401174e-007  1.3093768e-008            
9.5890411e-007  1.3210297e-008            
9.6379648e-007  1.4185048e-008            
9.6868885e-007  1.4895818e-008            
9.7358121e-007  1.4979491e-008            
9.7847358e-007  1.4543502e-008            
9.8336595e-007  1.2307851e-008            
9.8825832e-007  1.2354349e-008            
9.9315068e-007  1.3548288e-008            
9.9804305e-007  1.2566488e-008            
1.0029354e-006  1.3713134e-008            
1.0078278e-006  1.4549869e-008            
1.0127202e-006  1.5276214e-008            
1.0176125e-006  1.629121e-008            
1.0225049e-006  1.7003913e-008            
1.0273973e-006  1.6788931e-008            
1.0322896e-006  1.5933097e-008            
1.037182e-006  1.4028274e-008            
1.0420744e-006  1.2712803e-008            
1.0469667e-006  1.1833663e-008            
1.0518591e-006  1.0690428e-008            
1.0567515e-006  9.8726787e-009            
1.0616438e-006  8.388497e-009            
1.0665362e-006  9.786163e-009            
1.0714286e-006  1.2699047e-008            
1.0763209e-006  1.506487e-008            
1.0812133e-006  1.6117951e-008            
1.0861057e-006  1.6099989e-008            
1.090998e-006  1.5676733e-008            
1.0958904e-006  1.4856482e-008            
1.1007828e-006  1.3933231e-008            
1.1056751e-006  1.3181534e-008            
1.1105675e-006  1.2716555e-008            
1.1154599e-006  1.2142664e-008            
1.1203523e-006  1.1411771e-008            
1.1252446e-006  1.0986696e-008            
1.130137e-006  1.0817871e-008            
1.1350294e-006  1.088199e-008            
1.1399217e-006  1.1394377e-008            
1.1448141e-006  1.2383794e-008            
1.1497065e-006  1.3504973e-008            
1.1545988e-006  1.3510203e-008            
1.1594912e-006  1.334854e-008            
1.1643836e-006  1.3198019e-008            
1.1692759e-006  1.3048293e-008            
1.1741683e-006  1.3003955e-008            
1.1790607e-006  1.348667e-008            
1.183953e-006  1.2876399e-008            
1.1888454e-006  1.2396526e-008            
1.1937378e-006  1.1721795e-008            
1.1986301e-006  1.1892553e-008            
1.2035225e-006  1.2422902e-008            
1.2084149e-006  1.3711656e-008            
1.2133072e-006  1.4150487e-008            
1.2181996e-006  1.4653779e-008            
1.223092e-006  1.5328737e-008            
1.2279843e-006  1.6007448e-008            
1.2328767e-006  1.6463673e-008            
1.2377691e-006  1.6436843e-008            
1.2426614e-006  1.7073035e-008            
1.2475538e-006  1.702324e-008            
1.2524462e-006  1.5848968e-008            
1.2573386e-006  1.3597628e-008            
1.2622309e-006  1.1876978e-008            
1.2671233e-006  9.3303925e-009            
1.2720157e-006  6.9729822e-009            
1.276908e-006  6.6482926e-009            
1.2818004e-006  6.6421535e-009            
1.2866928e-006  6.8794179e-009            
1.2915851e-006  6.4834467e-009            
1.2964775e-006  6.2841536e-009            
1.3013699e-006  8.1844291e-009            
1.3062622e-006  1.1351517e-008            
1.3111546e-006  1.3619911e-008            
1.316047e-006  1.5711862e-008            
1.3209393e-006  1.6386252e-008            
1.3258317e-006  1.7122829e-008            
1.3307241e-006  1.7747084e-008            
1.3356164e-006  1.7860202e-008            
1.3405088e-006  1.7681941e-008            
1.3454012e-006  1.7370439e-008            
1.3502935e-006  1.6671379e-008            
1.3551859e-006  1.6039735e-008            
1.3600783e-006  1.5159344e-008            
1.3649706e-006  1.4485522e-008            
1.369863e-006  1.3976774e-008            
1.3747554e-006  1.3755994e-008            
1.3796477e-006  1.3764861e-008            
1.3845401e-006  1.4090915e-008            
1.3894325e-006  1.4777129e-008            
1.3943249e-006  1.5668434e-008            
1.3992172e-006  1.5729483e-008            
1.4041096e-006  1.4966076e-008            
1.409002e-006  1.4123771e-008            
1.4138943e-006  1.2537612e-008            
1.4187867e-006  1.0313443e-008            
1.4236791e-006  7.2274133e-009            
1.4285714e-006  6.2133267e-009            
1.4334638e-006  6.9593398e-009            
1.4383562e-006  9.4011057e-009            
1.4432485e-006  1.1927568e-008            
1.4481409e-006  1.4211537e-008            
1.4530333e-006  1.590638e-008            
1.4579256e-006  1.550768e-008            
1.462818e-006  1.2982468e-008            
1.4677104e-006  1.2358669e-008            
1.4726027e-006  1.2538862e-008            
1.4774951e-006  1.3870249e-008            
1.4823875e-006  1.4470174e-008            
1.4872798e-006  1.4834882e-008            
1.4921722e-006  1.5127966e-008            
1.4970646e-006  1.5382284e-008            
1.5019569e-006  1.5653768e-008            
1.5068493e-006  1.5855676e-008            
1.5117417e-006  1.5473802e-008            
1.5166341e-006  1.4610464e-008            
1.5215264e-006  1.4413672e-008            
1.5264188e-006  1.5082264e-008            
1.5313112e-006  1.5194587e-008            
1.5362035e-006  1.5351588e-008            
1.5410959e-006  1.5682872e-008            
1.5459883e-006  1.5827027e-008            
1.5508806e-006  1.5547357e-008            
1.555773e-006  1.5527235e-008            
1.5606654e-006  1.5580895e-008            
1.5655577e-006  1.5374553e-008            
1.5704501e-006  1.4624334e-008            
1.5753425e-006  1.3866952e-008            
1.5802348e-006  1.3749741e-008            
1.5851272e-006  1.3405838e-008            
1.5900196e-006  1.3069894e-008            
1.5949119e-006  1.242779e-008            
1.5998043e-006  1.0562758e-008            
1.6046967e-006  7.7181994e-009            
1.609589e-006  6.5739414e-009            
1.6144814e-006  9.3097015e-009            
1.6193738e-006  1.016781e-008            
1.6242661e-006  1.0473059e-008            
1.6291585e-006  1.1904604e-008            
1.6340509e-006  1.2467467e-008            
1.6389432e-006  1.0945769e-008            
1.6438356e-006  1.0278086e-008            
1.648728e-006  9.6955546e-009            
1.6536204e-006  7.9039637e-009            
1.6585127e-006  9.1757784e-009            
1.6634051e-006  1.1507041e-008            
1.6682975e-006  1.2295573e-008            
1.6731898e-006  1.1839916e-008            
1.6780822e-006  1.1577072e-008            
1.6829746e-006  1.1550355e-008            
1.6878669e-006  1.230103e-008            
1.6927593e-006  1.3917656e-008            
1.6976517e-006  1.5804176e-008            
1.702544e-006  1.6208219e-008            
1.7074364e-006  1.4446755e-008            
1.7123288e-006  1.2777264e-008            
1.7172211e-006  1.1367774e-008            
1.7221135e-006  1.0714984e-008            
1.7270059e-006  1.0571057e-008            
1.7318982e-006  1.059243e-008            
1.7367906e-006  1.0570602e-008            
1.741683e-006  1.0586064e-008            
1.7465753e-006  1.037904e-008            
1.7514677e-006  1.0086069e-008            
1.7563601e-006  9.0994945e-009            
1.7612524e-006  9.5453743e-009            
1.7661448e-006  1.1378575e-008            
1.7710372e-006  1.1901761e-008            
1.7759295e-006  9.731707e-009            
1.7808219e-006  7.0542683e-009            
1.7857143e-006  5.8819296e-009            
1.7906067e-006  5.431275e-009            
1.795499e-006  7.8206313e-009            
1.8003914e-006  1.1968837e-008            
1.8052838e-006  1.2415171e-008            
1.8101761e-006  1.201272e-008            
1.8150685e-006  1.2448481e-008            
1.8199609e-006  1.2769078e-008            
1.8248532e-006  1.298497e-008            
1.8297456e-006  1.2380838e-008            
1.834638e-006  1.1560701e-008            
1.8395303e-006  1.1542056e-008            
1.8444227e-006  1.1639941e-008            
1.8493151e-006  1.2229179e-008            
1.8542074e-006  1.3166414e-008            
1.8590998e-006  1.426622e-008            
1.8639922e-006  1.3392309e-008            
1.8688845e-006  1.2441888e-008            
1.8737769e-006  1.2138685e-008            
1.8786693e-006  1.1941211e-008            
1.8835616e-006  1.1544898e-008            
1.888454e-006  1.1106408e-008            
1.8933464e-006  1.0670306e-008            
1.8982387e-006  9.1828269e-009            
1.9031311e-006  5.3986469e-009            
1.9080235e-006  5.0274593e-009            
1.9129159e-006  5.241418e-009            
1.9178082e-006  5.4279781e-009            
1.9227006e-006  8.4339717e-009            
1.927593e-006  1.1605039e-008            
1.9324853e-006  1.4080456e-008            
1.9373777e-006  1.4768489e-008            
1.9422701e-006  1.4940156e-008            
1.9471624e-006  1.512376e-008            
1.9520548e-006  1.4837042e-008            
1.9569472e-006  1.3962335e-008            
1.9618395e-006  1.3841827e-008            
1.9667319e-006  1.3652084e-008            
1.9716243e-006  1.2937107e-008            
1.9765166e-006  1.2314217e-008            
1.981409e-006  1.1854013e-008            
1.9863014e-006  1.1553198e-008            
1.9911937e-006  1.136334e-008            
1.9960861e-006  1.1984753e-008            
2.0009785e-006  1.3231443e-008            
2.0058708e-006  1.4338411e-008            
2.0107632e-006  1.4816237e-008            
2.0156556e-006  1.4657985e-008            
2.0205479e-006  1.4709713e-008            
2.0254403e-006  1.4512807e-008            
2.0303327e-006  1.3348767e-008            
2.035225e-006  1.2403461e-008            
2.0401174e-006  1.1902671e-008            
2.0450098e-006  1.1380166e-008            
2.0499022e-006  1.0880399e-008            
2.0547945e-006  9.9532826e-009            
2.0596869e-006  9.2618393e-009            
2.0645793e-006  9.310952e-009            
2.0694716e-006  8.8875822e-009            
2.074364e-006  7.0392616e-009            
2.0792564e-006  5.03519e-009            
2.0841487e-006  4.7007234e-009            
2.0890411e-006  6.1482979e-009            
2.0939335e-006  8.8059551e-009            
2.0988258e-006  1.1254315e-008            
2.1037182e-006  1.1452244e-008            
2.1086106e-006  1.0547296e-008            
2.1135029e-006  1.0063104e-008            
2.1183953e-006  9.579594e-009            
2.1232877e-006  8.9704599e-009            
2.12818e-006  7.5590378e-009            
2.1330724e-006  6.9996986e-009            
2.1379648e-006  8.833581e-009            
2.1428571e-006  1.0749659e-008            
2.1477495e-006  1.2225541e-008            
2.1526419e-006  1.233991e-008            
2.1575342e-006  1.2222586e-008            
2.1624266e-006  1.2438363e-008            
2.167319e-006  1.387366e-008            
2.1722114e-006  1.4652642e-008            
2.1771037e-006  1.5202545e-008            
2.1819961e-006  1.5050205e-008            
2.1868885e-006  1.4667989e-008            
2.1917808e-006  1.3454155e-008            
2.1966732e-006  1.2623786e-008            
2.2015656e-006  1.1907559e-008            
2.2064579e-006  1.1254429e-008            
2.2113503e-006  1.0989083e-008            
2.2162427e-006  1.0193389e-008            
2.221135e-006  9.3901917e-009            
2.2260274e-006  8.9015657e-009            
2.2309198e-006  8.2533234e-009            
2.2358121e-006  5.5374585e-009            
2.2407045e-006  6.1587571e-009            
2.2455969e-006  7.1536306e-009            
2.2504892e-006  9.1121137e-009            
2.2553816e-006  1.0404619e-008            
2.260274e-006  1.1089242e-008            
2.2651663e-006  1.1865609e-008            
2.2700587e-006  1.1849352e-008            
2.2749511e-006  1.1805128e-008            
2.2798434e-006  1.2032842e-008            
2.2847358e-006  1.180706e-008            
2.2896282e-006  1.1885618e-008            
2.2945205e-006  1.2271016e-008            
2.2994129e-006  1.2651071e-008            
2.3043053e-006  1.2542841e-008            
2.3091977e-006  1.144565e-008            
2.31409e-006  5.7037823e-009            
2.3189824e-006  4.1204657e-009            
2.3238748e-006  4.0143959e-009            
2.3287671e-006  5.7066245e-009            
2.3336595e-006  8.3562099e-009            
2.3385519e-006  8.4563681e-009            
2.3434442e-006  6.6277153e-009            
2.3483366e-006  6.3702146e-009            
2.353229e-006  6.5604127e-009            
2.3581213e-006  7.1041768e-009            
2.3630137e-006  8.5431111e-009            
2.3679061e-006  9.1660013e-009            
2.3727984e-006  8.6781711e-009            
2.3776908e-006  6.2422032e-009            
2.3825832e-006  2.0079369e-009            
2.3874755e-006  1.6603963e-009            
2.3923679e-006  3.0270257e-009            
2.3972603e-006  5.8342948e-009            
2.4021526e-006  8.3082341e-009            
2.407045e-006  9.3148174e-009            
2.4119374e-006  9.1880565e-009            
2.4168297e-006  8.1938651e-009            
2.4217221e-006  6.9699126e-009            
2.4266145e-006  8.1583948e-009            
2.4315068e-006  1.1316502e-008            
2.4363992e-006  1.2923579e-008            
2.4412916e-006  1.2174269e-008            
2.446184e-006  1.1224074e-008            
2.4510763e-006  1.0461463e-008            
2.4559687e-006  9.8531245e-009            
2.4608611e-006  8.8206207e-009            
2.4657534e-006  8.2802671e-009            
2.4706458e-006  8.283223e-009            
2.4755382e-006  8.2488896e-009            
2.4804305e-006  8.1236067e-009            
2.4853229e-006  8.029474e-009            
2.4902153e-006  8.1412281e-009            
2.4951076e-006  8.3200575e-009            
