01Bfront             
x       y           
[m]     [m]         
0  6.5029795e-009            
4.8924054e-009  6.5949605e-009            
9.7848108e-009  6.6700465e-009            
1.4677216e-008  6.6592749e-009            
1.9569622e-008  6.7372561e-009            
2.4462027e-008  6.8904288e-009            
2.9354432e-008  6.9436366e-009            
3.4246838e-008  6.9643905e-009            
3.9139243e-008  7.0703238e-009            
4.4031648e-008  7.1199891e-009            
4.8924054e-008  7.1414076e-009            
5.3816459e-008  7.1522892e-009            
5.8708865e-008  7.2762183e-009            
6.360127e-008  7.3252635e-009            
6.8493675e-008  7.3142726e-009            
7.3386081e-008  7.3041919e-009            
7.8278486e-008  7.2072073e-009            
8.3170891e-008  7.1386789e-009            
8.8063297e-008  7.1211763e-009            
9.2955702e-008  7.0531154e-009            
9.7848108e-008  6.857046e-009            
1.0274051e-007  6.6434142e-009            
1.0763292e-007  6.5053328e-009            
1.1252532e-007  6.381154e-009            
1.1741773e-007  6.3389851e-009            
1.2231013e-007  6.1342736e-009            
1.2720254e-007  5.9664049e-009            
1.3209495e-007  5.8678509e-009            
1.3698735e-007  5.7341711e-009            
1.4187976e-007  5.640051e-009            
1.4677216e-007  5.6451551e-009            
1.5166457e-007  5.7264614e-009            
1.5655697e-007  5.9045584e-009            
1.6144938e-007  6.0425412e-009            
1.6634178e-007  6.0985438e-009            
1.7123419e-007  6.2190185e-009            
1.7612659e-007  6.3769794e-009            
1.81019e-007  6.4350499e-009            
1.859114e-007  6.4058174e-009            
1.9080381e-007  6.316207e-009            
1.9569622e-007  5.9434969e-009            
2.0058862e-007  6.6090305e-009            
2.0548103e-007  6.8728498e-009            
2.1037343e-007  6.9213881e-009            
2.1526584e-007  6.9374435e-009            
2.2015824e-007  6.967938e-009            
2.2505065e-007  7.0193714e-009            
2.2994305e-007  6.9629968e-009            
2.3483546e-007  6.8606053e-009            
2.3972786e-007  6.5954904e-009            
2.4462027e-007  6.3382869e-009            
2.4951267e-007  6.0342182e-009            
2.5440508e-007  5.879657e-009            
2.5929749e-007  5.9450422e-009            
2.6418989e-007  6.016823e-009            
2.690823e-007  5.9164637e-009            
2.739747e-007  5.7609801e-009            
2.7886711e-007  5.6408294e-009            
2.8375951e-007  5.5403745e-009            
2.8865192e-007  5.5045989e-009            
2.9354432e-007  5.4593899e-009            
2.9843673e-007  5.497838e-009            
3.0332913e-007  5.6566582e-009            
3.0822154e-007  5.7846704e-009            
3.1311394e-007  5.9216193e-009            
3.1800635e-007  5.9470393e-009            
3.2289875e-007  5.8335007e-009            
3.2779116e-007  5.5759694e-009            
3.3268357e-007  5.078526e-009            
3.3757597e-007  5.7592073e-009            
3.4246838e-007  5.9994437e-009            
3.4736078e-007  6.0070832e-009            
3.5225319e-007  5.9611988e-009            
3.5714559e-007  5.9081436e-009            
3.62038e-007  5.9798805e-009            
3.669304e-007  6.0201181e-009            
3.7182281e-007  5.9842886e-009            
3.7671521e-007  5.8963083e-009            
3.8160762e-007  5.8305606e-009            
3.8650002e-007  5.7794336e-009            
3.9139243e-007  5.7307763e-009            
3.9628484e-007  5.7488418e-009            
4.0117724e-007  5.8131502e-009            
4.0606965e-007  5.9339137e-009            
4.1096205e-007  6.2020415e-009            
4.1585446e-007  6.3876739e-009            
4.2074686e-007  6.5141223e-009            
4.2563927e-007  6.4857624e-009            
4.3053167e-007  6.3756041e-009            
4.3542408e-007  6.3759077e-009            
4.4031648e-007  6.4785185e-009            
4.4520889e-007  6.5632325e-009            
4.5010129e-007  6.5876841e-009            
4.549937e-007  6.5837177e-009            
4.5988611e-007  6.6032998e-009            
4.6477851e-007  6.6362702e-009            
4.6967092e-007  6.5905426e-009            
4.7456332e-007  6.5777049e-009            
4.7945573e-007  6.4894181e-009            
4.8434813e-007  6.3355729e-009            
4.8924054e-007  6.2206831e-009            
4.9413294e-007  6.2501494e-009            
4.9902535e-007  6.3581415e-009            
5.0391775e-007  6.4092466e-009            
5.0881016e-007  6.3611957e-009            
5.1370256e-007  6.2877618e-009            
5.1859497e-007  6.2640451e-009            
5.2348738e-007  6.1959843e-009            
5.2837978e-007  6.1020476e-009            
5.3327219e-007  6.0226119e-009            
5.3816459e-007  6.0378053e-009            
5.43057e-007  6.0840421e-009            
5.479494e-007  6.0440769e-009            
5.5284181e-007  6.007275e-009            
5.5773421e-007  6.0721932e-009            
5.6262662e-007  6.1341668e-009            
5.6751902e-007  6.0733937e-009            
5.7241143e-007  6.1450642e-009            
5.7730383e-007  6.1791955e-009            
5.8219624e-007  6.2517365e-009            
5.8708865e-007  6.1536343e-009            
5.9198105e-007  5.8412565e-009            
5.9687346e-007  5.5998399e-009            
6.0176586e-007  5.4378141e-009            
6.0665827e-007  5.2946851e-009            
6.1155067e-007  5.1092452e-009            
6.1644308e-007  4.9620132e-009            
6.2133548e-007  4.7800722e-009            
6.2622789e-007  4.6561627e-009            
6.3112029e-007  4.614121e-009            
6.360127e-007  4.574704e-009            
6.409051e-007  4.3583405e-009            
6.4579751e-007  4.1164691e-009            
6.5068992e-007  3.9983012e-009            
6.5558232e-007  3.9792459e-009            
6.6047473e-007  4.0006743e-009            
6.6536713e-007  4.00227e-009            
6.7025954e-007  4.1133736e-009            
6.7515194e-007  4.2730526e-009            
6.8004435e-007  4.20958e-009            
6.8493675e-007  4.0935795e-009            
6.8982916e-007  4.066671e-009            
6.9472156e-007  3.8772897e-009            
6.9961397e-007  4.1523478e-009            
7.0450637e-007  4.232832e-009            
7.0939878e-007  4.1760546e-009            
7.1429119e-007  4.1453621e-009            
7.1918359e-007  4.1977792e-009            
7.24076e-007  4.2904237e-009            
7.289684e-007  4.36916e-009            
7.3386081e-007  4.4874744e-009            
7.3875321e-007  4.6376339e-009            
7.4364562e-007  4.8655976e-009            
7.4853802e-007  4.9612273e-009            
7.5343043e-007  5.032452e-009            
7.5832283e-007  5.0922285e-009            
7.6321524e-007  5.1908362e-009            
7.6810764e-007  5.2441555e-009            
7.7300005e-007  5.2583956e-009            
7.7789246e-007  5.2809075e-009            
7.8278486e-007  5.3263501e-009            
7.8767727e-007  5.4009473e-009            
7.9256967e-007  5.4607904e-009            
7.9746208e-007  5.4658768e-009            
8.0235448e-007  5.522404e-009            
8.0724689e-007  5.7115966e-009            
8.1213929e-007  5.8183471e-009            
8.170317e-007  5.8117825e-009            
8.219241e-007  5.9042997e-009            
8.2681651e-007  5.9532119e-009            
8.3170891e-007  5.939121e-009            
8.3660132e-007  5.9095239e-009            
8.4149373e-007  5.8582399e-009            
8.4638613e-007  5.9109916e-009            
8.5127854e-007  5.874717e-009            
8.5617094e-007  5.8360569e-009            
8.6106335e-007  5.8746046e-009            
8.6595575e-007  5.9378685e-009            
8.7084816e-007  6.0017577e-009            
8.7574056e-007  5.9736672e-009            
8.8063297e-007  5.9569376e-009            
8.8552537e-007  5.9204396e-009            
8.9041778e-007  5.9625387e-009            
8.9531018e-007  5.9673284e-009            
9.0020259e-007  6.0612615e-009            
9.0509499e-007  6.1891105e-009            
9.099874e-007  6.2703095e-009            
9.1487981e-007  6.3196396e-009            
9.1977221e-007  6.2840943e-009            
9.2466462e-007  6.252498e-009            
9.2955702e-007  6.0921794e-009            
9.3444943e-007  5.8970693e-009            
9.3934183e-007  5.6976935e-009            
9.4423424e-007  5.5557639e-009            
9.4912664e-007  5.4083638e-009            
9.5401905e-007  5.1944486e-009            
9.5891145e-007  4.9833186e-009            
9.6380386e-007  4.871317e-009            
9.6869626e-007  4.7378859e-009            
9.7358867e-007  4.7468726e-009            
9.7848108e-007  4.6870933e-009            
9.8337348e-007  4.5628457e-009            
9.8826589e-007  4.5395631e-009            
9.9315829e-007  4.5139797e-009            
9.980507e-007  4.3534561e-009            
1.0029431e-006  4.2637509e-009            
1.0078355e-006  4.1634532e-009            
1.0127279e-006  4.0837233e-009            
1.0176203e-006  4.039338e-009            
1.0225127e-006  4.0237491e-009            
1.0274051e-006  4.1375197e-009            
1.0322975e-006  4.3253705e-009            
1.0371899e-006  4.4836597e-009            
1.0420823e-006  4.7199008e-009            
1.0469748e-006  4.8939942e-009            
1.0518672e-006  4.9518117e-009            
1.0567596e-006  5.04893e-009            
1.061652e-006  5.0602154e-009            
1.0665444e-006  5.0049427e-009            
1.0714368e-006  4.9776584e-009            
1.0763292e-006  4.8964947e-009            
1.0812216e-006  4.8380054e-009            
1.086114e-006  4.8004382e-009            
1.0910064e-006  4.6682221e-009            
1.0958988e-006  4.4693971e-009            
1.1007912e-006  4.5138026e-009            
1.1056836e-006  4.5998085e-009            
1.110576e-006  4.6427933e-009            
1.1154684e-006  4.727555e-009            
1.1203608e-006  4.6989364e-009            
1.1252532e-006  4.617863e-009            
1.1301456e-006  4.6112142e-009            
1.135038e-006  4.6552179e-009            
1.1399305e-006  4.6646295e-009            
1.1448229e-006  4.6532544e-009            
1.1497153e-006  4.6860138e-009            
1.1546077e-006  4.7340137e-009            
1.1595001e-006  4.718201e-009            
1.1643925e-006  4.606954e-009            
1.1692849e-006  4.4408272e-009            
1.1741773e-006  4.3039305e-009            
1.1790697e-006  4.2631756e-009            
1.1839621e-006  4.286717e-009            
1.1888545e-006  4.3203803e-009            
1.1937469e-006  4.2912103e-009            
1.1986393e-006  4.2066204e-009            
1.2035317e-006  4.2386077e-009            
1.2084241e-006  4.2841798e-009            
1.2133165e-006  4.2391832e-009            
1.2182089e-006  4.2542301e-009            
1.2231013e-006  4.3718944e-009            
1.2279937e-006  4.437514e-009            
1.2328862e-006  4.4604416e-009            
1.2377786e-006  4.5170982e-009            
1.242671e-006  4.7259375e-009            
1.2475634e-006  4.7906149e-009            
1.2524558e-006  4.7471037e-009            
1.2573482e-006  4.6584442e-009            
1.2622406e-006  4.6144182e-009            
1.267133e-006  4.5905244e-009            
1.2720254e-006  4.5366912e-009            
1.2769178e-006  4.489848e-009            
1.2818102e-006  4.6664917e-009            
1.2867026e-006  4.8828174e-009            
1.291595e-006  4.9663392e-009            
1.2964874e-006  4.9906039e-009            
1.3013798e-006  4.9633604e-009            
1.3062722e-006  4.9689847e-009            
1.3111646e-006  5.0129952e-009            
1.316057e-006  5.2030787e-009            
1.3209495e-006  5.275115e-009            
1.3258419e-006  5.3042011e-009            
1.3307343e-006  5.2445902e-009            
1.3356267e-006  5.1200435e-009            
1.3405191e-006  5.0880742e-009            
1.3454115e-006  5.244088e-009            
1.3503039e-006  5.3296235e-009            
1.3551963e-006  5.2427796e-009            
1.3600887e-006  5.1257651e-009            
1.3649811e-006  5.0661674e-009            
1.3698735e-006  5.048885e-009            
1.3747659e-006  5.0691433e-009            
1.3796583e-006  5.1448045e-009            
1.3845507e-006  5.1705909e-009            
1.3894431e-006  5.1610167e-009            
1.3943355e-006  5.1838744e-009            
1.3992279e-006  5.2477314e-009            
1.4041203e-006  5.2746678e-009            
1.4090127e-006  5.3040217e-009            
1.4139052e-006  5.3366817e-009            
1.4187976e-006  5.4481004e-009            
1.42369e-006  5.5666779e-009            
1.4285824e-006  5.5867844e-009            
1.4334748e-006  5.6097512e-009            
1.4383672e-006  5.5349124e-009            
1.4432596e-006  5.4967468e-009            
1.448152e-006  5.6510063e-009            
1.4530444e-006  5.7581632e-009            
1.4579368e-006  5.7888067e-009            
1.4628292e-006  5.79571e-009            
1.4677216e-006  5.762983e-009            
1.472614e-006  5.5793141e-009            
1.4775064e-006  5.3467266e-009            
1.4823988e-006  5.1292859e-009            
1.4872912e-006  4.8730081e-009            
1.4921836e-006  4.6616772e-009            
1.497076e-006  4.5307867e-009            
1.5019685e-006  4.3970294e-009            
1.5068609e-006  4.2726176e-009            
1.5117533e-006  4.2116015e-009            
1.5166457e-006  4.1399749e-009            
1.5215381e-006  4.0890065e-009            
1.5264305e-006  4.0680316e-009            
1.5313229e-006  4.110751e-009            
1.5362153e-006  4.2302151e-009            
1.5411077e-006  4.1670793e-009            
1.5460001e-006  4.0051487e-009            
1.5508925e-006  4.5638199e-009            
1.5557849e-006  4.7002815e-009            
1.5606773e-006  4.7854119e-009            
1.5655697e-006  4.8141448e-009            
1.5704621e-006  4.7727433e-009            
1.5753545e-006  4.8813373e-009            
1.5802469e-006  5.08504e-009            
1.5851393e-006  5.1582957e-009            
1.5900317e-006  5.2683469e-009            
1.5949242e-006  5.3785721e-009            
1.5998166e-006  5.541169e-009            
1.604709e-006  5.5868261e-009            
1.6096014e-006  5.5725943e-009            
1.6144938e-006  5.6269391e-009            
1.6193862e-006  5.7301259e-009            
1.6242786e-006  5.7814005e-009            
1.629171e-006  5.7207633e-009            
1.6340634e-006  5.5873562e-009            
1.6389558e-006  5.2866329e-009            
1.6438482e-006  4.8661215e-009            
1.6487406e-006  4.6388671e-009            
1.653633e-006  4.5310557e-009            
1.6585254e-006  4.3064709e-009            
1.6634178e-006  4.1497706e-009            
1.6683102e-006  3.9849395e-009            
1.6732026e-006  3.8202244e-009            
1.678095e-006  3.754087e-009            
1.6829875e-006  3.6423487e-009            
1.6878799e-006  3.6551757e-009            
1.6927723e-006  3.7218152e-009            
1.6976647e-006  3.7923677e-009            
1.7025571e-006  3.7626991e-009            
1.7074495e-006  3.727229e-009            
1.7123419e-006  3.7987786e-009            
1.7172343e-006  4.0325502e-009            
1.7221267e-006  4.2434571e-009            
1.7270191e-006  4.3733281e-009            
1.7319115e-006  4.5857473e-009            
1.7368039e-006  4.5782444e-009            
1.7416963e-006  4.5590983e-009            
1.7465887e-006  4.531269e-009            
1.7514811e-006  4.5020423e-009            
1.7563735e-006  4.4205122e-009            
1.7612659e-006  4.369806e-009            
1.7661583e-006  4.2679732e-009            
1.7710507e-006  4.2041986e-009            
1.7759432e-006  4.1562414e-009            
1.7808356e-006  4.044621e-009            
1.785728e-006  3.9809152e-009            
1.7906204e-006  3.8955009e-009            
1.7955128e-006  3.8553317e-009            
1.8004052e-006  3.8986964e-009            
1.8052976e-006  3.928074e-009            
1.81019e-006  4.0416177e-009            
1.8150824e-006  4.1765805e-009            
1.8199748e-006  4.4078363e-009            
1.8248672e-006  4.6152227e-009            
1.8297596e-006  4.6824674e-009            
1.834652e-006  4.6097301e-009            
1.8395444e-006  4.6727296e-009            
1.8444368e-006  4.6928971e-009            
1.8493292e-006  4.3796227e-009            
1.8542216e-006  4.1253118e-009            
1.859114e-006  4.4999146e-009            
1.8640064e-006  5.0846752e-009            
1.8688989e-006  5.144397e-009            
1.8737913e-006  5.3015686e-009            
1.8786837e-006  5.3065717e-009            
1.8835761e-006  5.2289593e-009            
1.8884685e-006  5.156788e-009            
1.8933609e-006  5.0736979e-009            
1.8982533e-006  5.190437e-009            
1.9031457e-006  5.10787e-009            
1.9080381e-006  5.0171943e-009            
1.9129305e-006  5.0222599e-009            
1.9178229e-006  5.0557486e-009            
1.9227153e-006  4.9659841e-009            
1.9276077e-006  4.8903853e-009            
1.9325001e-006  4.9674108e-009            
1.9373925e-006  5.0158512e-009            
1.9422849e-006  4.9866744e-009            
1.9471773e-006  5.0001859e-009            
1.9520697e-006  5.1523452e-009            
1.9569622e-006  5.2150494e-009            
1.9618546e-006  5.0990804e-009            
1.966747e-006  4.8390028e-009            
1.9716394e-006  4.9945839e-009            
1.9765318e-006  5.4964697e-009            
1.9814242e-006  5.7738356e-009            
1.9863166e-006  5.7769551e-009            
1.991209e-006  5.8014654e-009            
1.9961014e-006  5.7884042e-009            
2.0009938e-006  5.7847308e-009            
2.0058862e-006  5.8001483e-009            
2.0107786e-006  5.7444959e-009            
2.015671e-006  5.615261e-009            
2.0205634e-006  5.4837862e-009            
2.0254558e-006  5.2436368e-009            
2.0303482e-006  5.0450895e-009            
2.0352406e-006  4.8993739e-009            
2.040133e-006  4.6075124e-009            
2.0450254e-006  4.3338262e-009            
2.0499179e-006  4.1222683e-009            
2.0548103e-006  3.9826014e-009            
2.0597027e-006  3.8612345e-009            
2.0645951e-006  3.6204227e-009            
2.0694875e-006  3.3901935e-009            
2.0743799e-006  3.2497596e-009            
2.0792723e-006  3.0683217e-009            
2.0841647e-006  2.981023e-009            
2.0890571e-006  2.9484237e-009            
2.0939495e-006  2.9374073e-009            
2.0988419e-006  2.9338515e-009            
2.1037343e-006  2.9156223e-009            
2.1086267e-006  2.9203933e-009            
2.1135191e-006  2.8880225e-009            
2.1184115e-006  2.878794e-009            
2.1233039e-006  2.9128035e-009            
2.1281963e-006  2.9611328e-009            
2.1330887e-006  3.0035115e-009            
2.1379812e-006  3.0972699e-009            
2.1428736e-006  3.09538e-009            
2.147766e-006  3.1723553e-009            
2.1526584e-006  3.3350787e-009            
2.1575508e-006  3.4006936e-009            
2.1624432e-006  3.4775493e-009            
2.1673356e-006  3.6467299e-009            
2.172228e-006  3.6557655e-009            
2.1771204e-006  3.7561917e-009            
2.1820128e-006  3.853965e-009            
2.1869052e-006  3.8999156e-009            
2.1917976e-006  4.0348577e-009            
2.19669e-006  4.1999129e-009            
2.2015824e-006  4.3703831e-009            
2.2064748e-006  4.4295144e-009            
2.2113672e-006  4.516095e-009            
2.2162596e-006  4.5368266e-009            
2.221152e-006  4.5467867e-009            
2.2260444e-006  4.5928576e-009            
2.2309369e-006  4.618267e-009            
2.2358293e-006  4.6448111e-009            
2.2407217e-006  4.6608736e-009            
2.2456141e-006  4.7409605e-009            
2.2505065e-006  4.8100148e-009            
2.2553989e-006  4.8930739e-009            
2.2602913e-006  5.0440702e-009            
2.2651837e-006  5.1715462e-009            
2.2700761e-006  5.1170883e-009            
2.2749685e-006  4.9896951e-009            
2.2798609e-006  5.0356387e-009            
2.2847533e-006  4.9822262e-009            
2.2896457e-006  4.7269359e-009            
2.2945381e-006  4.5150985e-009            
2.2994305e-006  4.4758181e-009            
2.3043229e-006  4.4419489e-009            
2.3092153e-006  4.3809588e-009            
2.3141077e-006  4.2334063e-009            
2.3190001e-006  3.9997444e-009            
2.3238926e-006  3.8047494e-009            
2.328785e-006  3.6943358e-009            
2.3336774e-006  3.6683314e-009            
2.3385698e-006  3.6892464e-009            
2.3434622e-006  3.7526367e-009            
2.3483546e-006  3.8639214e-009            
2.353247e-006  3.8557476e-009            
2.3581394e-006  3.8469173e-009            
2.3630318e-006  3.8483747e-009            
2.3679242e-006  3.9304238e-009            
2.3728166e-006  4.0502936e-009            
2.377709e-006  4.114847e-009            
2.3826014e-006  4.1208173e-009            
2.3874938e-006  4.1792861e-009            
2.3923862e-006  4.2432095e-009            
2.3972786e-006  4.3209427e-009            
2.402171e-006  4.3766358e-009            
2.4070634e-006  4.3324554e-009            
2.4119559e-006  4.2763889e-009            
2.4168483e-006  4.2083904e-009            
2.4217407e-006  4.2380716e-009            
2.4266331e-006  4.3917571e-009            
2.4315255e-006  4.4817895e-009            
2.4364179e-006  4.5298635e-009            
2.4413103e-006  4.5725571e-009            
2.4462027e-006  4.6717245e-009            
2.4510951e-006  4.8394027e-009            
2.4559875e-006  4.952266e-009            
2.4608799e-006  5.0839381e-009            
2.4657723e-006  5.150341e-009            
2.4706647e-006  5.1806813e-009            
2.4755571e-006  5.2426418e-009            
2.4804495e-006  5.3253861e-009            
2.4853419e-006  5.3479954e-009            
2.4902343e-006  5.2518125e-009            
2.4951267e-006  5.1055164e-009            
2.5000191e-006  5.0194657e-009            
