Profile 1             
x       y           
[m]     [m]         
0  9.1020308e-009            
4.8923679e-009  9.0924561e-009            
9.7847358e-009  9.0812044e-009            
1.4677104e-008  9.1288851e-009            
1.9569472e-008  9.1720326e-009            
2.446184e-008  9.1424489e-009            
2.9354207e-008  9.1328883e-009            
3.4246575e-008  9.0923055e-009            
3.9138943e-008  9.07851e-009            
4.4031311e-008  9.0858604e-009            
4.8923679e-008  9.1400213e-009            
5.3816047e-008  9.1016979e-009            
5.8708415e-008  9.0715458e-009            
6.3600783e-008  9.0526913e-009            
6.8493151e-008  9.0876675e-009            
7.3385519e-008  9.0716126e-009            
7.8277886e-008  9.0795171e-009            
8.3170254e-008  9.0155432e-009            
8.8062622e-008  9.0107859e-009            
9.295499e-008  8.9781042e-009            
9.7847358e-008  9.0085614e-009            
1.0273973e-007  9.020715e-009            
1.0763209e-007  9.0190415e-009            
1.1252446e-007  8.9852372e-009            
1.1741683e-007  8.9587515e-009            
1.223092e-007  8.9914682e-009            
1.2720157e-007  9.0850926e-009            
1.3209393e-007  9.0363385e-009            
1.369863e-007  9.0228273e-009            
1.4187867e-007  9.0411768e-009            
1.4677104e-007  9.094485e-009            
1.5166341e-007  9.1128346e-009            
1.5655577e-007  9.1331452e-009            
1.6144814e-007  9.0990567e-009            
1.6634051e-007  9.0393176e-009            
1.7123288e-007  8.9826622e-009            
1.7612524e-007  8.9959243e-009            
1.8101761e-007  8.9931281e-009            
1.8590998e-007  9.0190946e-009            
1.9080235e-007  9.0286903e-009            
1.9569472e-007  8.9977139e-009            
2.0058708e-007  8.9740562e-009            
2.0547945e-007  8.9656182e-009            
2.1037182e-007  8.999756e-009            
2.1526419e-007  9.0093517e-009            
2.2015656e-007  8.9899145e-009            
2.2504892e-007  8.8825122e-009            
2.2994129e-007  8.8585845e-009            
2.3483366e-007  8.9468372e-009            
2.3972603e-007  8.9220568e-009            
2.446184e-007  8.9373084e-009            
2.4951076e-007  8.9849607e-009            
2.5440313e-007  8.9353681e-009            
2.592955e-007  8.94215e-009            
2.6418787e-007  8.9292215e-009            
2.6908023e-007  8.9419293e-009            
2.739726e-007  8.9219237e-009            
2.7886497e-007  9.0242878e-009            
2.8375734e-007  9.0637689e-009            
2.8864971e-007  9.0330768e-009            
2.9354207e-007  8.9885433e-009            
2.9843444e-007  9.0348029e-009            
3.0332681e-007  9.0387711e-009            
3.0821918e-007  9.050072e-009            
3.1311155e-007  9.1121057e-009            
3.1800391e-007  9.0151626e-009            
3.2289628e-007  8.935102e-009            
3.2778865e-007  9.0332455e-009            
3.3268102e-007  9.1449035e-009            
3.3757339e-007  9.1248979e-009            
3.4246575e-007  9.0927847e-009            
3.4735812e-007  9.1122569e-009            
3.5225049e-007  9.1283469e-009            
3.5714286e-007  9.0838276e-009            
3.6203523e-007  9.100756e-009            
3.6692759e-007  9.1224878e-009            
3.7181996e-007  9.2285183e-009            
3.7671233e-007  9.224301e-009            
3.816047e-007  9.2257396e-009            
3.8649706e-007  9.2322515e-009            
3.9138943e-007  9.2714626e-009            
3.962818e-007  9.1902793e-009            
4.0117417e-007  9.1192567e-009            
4.0606654e-007  9.0186188e-009            
4.109589e-007  9.0068129e-009            
4.1585127e-007  9.1176324e-009            
4.2074364e-007  9.1805188e-009            
4.2563601e-007  9.2614529e-009            
4.3052838e-007  9.2893806e-009            
4.3542074e-007  9.2423318e-009            
4.4031311e-007  9.1611485e-009            
4.4520548e-007  9.0929539e-009            
4.5009785e-007  9.1028338e-009            
4.5499022e-007  9.2257752e-009            
4.5988258e-007  9.1685656e-009            
4.6477495e-007  9.1178362e-009            
4.6966732e-007  9.1218043e-009            
4.7455969e-007  9.123513e-009            
4.7945205e-007  9.1353823e-009            
4.8434442e-007  9.1996756e-009            
4.8923679e-007  9.1867328e-009            
4.9412916e-007  9.1498163e-009            
4.9902153e-007  9.23301e-009            
5.0391389e-007  9.286034e-009            
5.0880626e-007  9.1445256e-009            
5.1369863e-007  9.1236816e-009            
5.18591e-007  9.1893959e-009            
5.2348337e-007  9.2379009e-009            
5.2837573e-007  9.2379327e-009            
5.332681e-007  9.1846737e-009            
5.3816047e-007  9.1626928e-009            
5.4305284e-007  9.2030266e-009            
5.4794521e-007  9.2295615e-009            
5.5283757e-007  9.1977325e-009            
5.5772994e-007  9.1286711e-009            
5.6262231e-007  9.1701417e-009            
5.6751468e-007  9.2017358e-009            
5.7240705e-007  9.2248601e-009            
5.7729941e-007  9.2274356e-009            
5.8219178e-007  9.2313896e-009            
5.8708415e-007  9.292599e-009            
5.9197652e-007  9.3427951e-009            
5.9686888e-007  9.32026e-009            
6.0176125e-007  9.3715929e-009            
6.0665362e-007  9.4657858e-009            
6.1154599e-007  9.4116742e-009            
6.1643836e-007  9.3158395e-009            
6.2133072e-007  9.2569388e-009            
6.2622309e-007  9.2986794e-009            
6.3111546e-007  9.2871435e-009            
6.3600783e-007  9.3317121e-009            
6.409002e-007  9.2964867e-009            
6.4579256e-007  9.3946302e-009            
6.5068493e-007  9.4639967e-009            
6.555773e-007  9.2537078e-009            
6.6046967e-007  9.1897338e-009            
6.6536204e-007  9.3163417e-009            
6.702544e-007  9.4062855e-009            
6.7514677e-007  9.1689391e-009            
6.8003914e-007  9.104951e-009            
6.8493151e-007  9.1492353e-009            
6.8982387e-007  8.9454123e-009            
6.9471624e-007  8.8515672e-009            
6.9960861e-007  9.2612268e-009            
7.0450098e-007  9.3765512e-009            
7.0939335e-007  9.3356841e-009            
7.1428571e-007  9.3726499e-009            
7.1917808e-007  9.2280435e-009            
7.2407045e-007  9.2010036e-009            
7.2896282e-007  9.1908604e-009            
7.3385519e-007  9.2625006e-009            
7.3874755e-007  9.2848008e-009            
7.4363992e-007  9.055043e-009            
7.4853229e-007  8.7750925e-009            
7.5342466e-007  9.2030983e-009            
7.5831703e-007  9.143615e-009            
7.6320939e-007  9.2318819e-009            
7.6810176e-007  9.3336918e-009            
7.7299413e-007  9.2124765e-009            
7.778865e-007  9.1924852e-009            
7.8277886e-007  9.2384606e-009            
7.8767123e-007  9.3921259e-009            
7.925636e-007  9.2683811e-009            
7.9745597e-007  9.1883489e-009            
8.0234834e-007  9.1734166e-009            
8.072407e-007  9.0795572e-009            
8.1213307e-007  9.1898084e-009            
8.1702544e-007  9.2713109e-009            
8.2191781e-007  9.3257561e-009            
8.2681018e-007  9.2719144e-009            
8.3170254e-007  9.2104842e-009            
8.3659491e-007  9.2144382e-009            
8.4148728e-007  9.1580813e-009            
8.4637965e-007  9.1544466e-009            
8.5127202e-007  9.2286022e-009            
8.5616438e-007  9.2548529e-009            
8.6105675e-007  9.1748065e-009            
8.6594912e-007  9.257986e-009            
8.7084149e-007  9.2740902e-009            
8.7573386e-007  9.2639469e-009            
8.8062622e-007  9.4193175e-009            
8.8551859e-007  9.4720573e-009            
8.9041096e-007  9.3680372e-009            
8.9530333e-007  9.3852641e-009            
9.0019569e-007  9.4653598e-009            
9.0508806e-007  9.4383198e-009            
9.0998043e-007  9.3120313e-009            
9.148728e-007  9.3410958e-009            
9.1976517e-007  9.2658385e-009            
9.2465753e-007  9.2207507e-009            
9.295499e-007  9.3363594e-009            
9.3444227e-007  9.3369453e-009            
9.3933464e-007  9.2763394e-009            
9.4422701e-007  9.1323014e-009            
9.4911937e-007  9.172351e-009            
9.5401174e-007  9.2978503e-009            
9.5890411e-007  9.2113096e-009            
9.6379648e-007  9.2987238e-009            
9.6868885e-007  9.3176418e-009            
9.7358121e-007  9.2488646e-009            
9.7847358e-007  9.283855e-009            
9.8336595e-007  9.2176074e-009            
9.8825832e-007  9.1621031e-009            
9.9315068e-007  9.2001773e-009            
9.9804305e-007  9.2379673e-009            
1.0029354e-006  9.2890302e-009            
1.0078278e-006  9.2470404e-009            
1.0127202e-006  9.2343677e-009            
1.0176125e-006  9.1075249e-009            
1.0225049e-006  9.1941008e-009            
1.0273973e-006  9.2857499e-009            
1.0322896e-006  9.3418719e-009            
1.037182e-006  9.4188554e-009            
1.0420744e-006  9.5150093e-009            
1.0469667e-006  9.4806508e-009            
1.0518591e-006  9.4578315e-009            
1.0567515e-006  9.4000535e-009            
1.0616438e-006  9.293788e-009            
1.0665362e-006  9.2813995e-009            
1.0714286e-006  9.270702e-009            
1.0763209e-006  9.255514e-009            
1.0812133e-006  9.3688631e-009            
1.0861057e-006  9.4342932e-009            
1.090998e-006  9.3844164e-009            
1.0958904e-006  9.4588704e-009            
1.1007828e-006  9.4495798e-009            
1.1056751e-006  9.325565e-009            
1.1105675e-006  9.0938319e-009            
1.1154599e-006  9.0555085e-009            
1.1203523e-006  9.2207415e-009            
1.1252446e-006  9.2058234e-009            
1.130137e-006  9.1474769e-009            
1.1350294e-006  9.057284e-009            
1.1399217e-006  8.9775218e-009            
1.1448141e-006  9.1106097e-009            
1.1497065e-006  9.1171216e-009            
1.1545988e-006  9.1244578e-009            
1.1594912e-006  9.0886781e-009            
1.1643836e-006  9.0943516e-009            
1.1692759e-006  9.2747901e-009            
1.1741683e-006  9.2911644e-009            
1.1790607e-006  9.1197848e-009            
1.183953e-006  9.0763881e-009            
1.1888454e-006  9.1139081e-009            
1.1937378e-006  9.0583896e-009            
1.1986301e-006  9.0882926e-009            
1.2035225e-006  9.2377373e-009            
1.2084149e-006  9.2397301e-009            
1.2133072e-006  9.220293e-009            
1.2181996e-006  9.2008559e-009            
1.223092e-006  9.1275738e-009            
1.2279843e-006  9.1808962e-009            
1.2328767e-006  9.2973433e-009            
1.2377691e-006  9.3275305e-009            
1.2426614e-006  9.2652476e-009            
1.2475538e-006  9.2748575e-009            
1.2524462e-006  9.2294856e-009            
1.2573386e-006  9.1807314e-009            
1.2622309e-006  9.2422109e-009            
1.2671233e-006  9.10606e-009            
1.2720157e-006  9.114263e-009            
1.276908e-006  9.1870117e-009            
1.2818004e-006  9.1255815e-009            
1.2866928e-006  9.1653468e-009            
1.2915851e-006  9.1529582e-009            
1.2964775e-006  9.0703823e-009            
1.3013699e-006  9.0007666e-009            
1.3062622e-006  9.0678878e-009            
1.3111546e-006  9.156439e-009            
1.316047e-006  9.1059938e-009            
1.3209393e-006  9.0389076e-009            
1.3258317e-006  9.1798969e-009            
1.3307241e-006  9.2233285e-009            
1.3356164e-006  9.1201753e-009            
1.3405088e-006  9.1089094e-009            
1.3454012e-006  9.1548848e-009            
1.3502935e-006  9.2073546e-009            
1.3551859e-006  9.1484397e-009            
1.3600783e-006  9.0280913e-009            
1.3649706e-006  8.9827052e-009            
1.369863e-006  8.9810458e-009            
1.3747554e-006  8.981916e-009            
1.3796477e-006  9.0512825e-009            
1.3845401e-006  9.0639903e-009            
1.3894325e-006  9.070218e-009            
1.3943249e-006  9.1675088e-009            
1.3992172e-006  9.251541e-009            
1.4041096e-006  9.2106881e-009            
1.409002e-006  9.3460356e-009            
1.4138943e-006  9.1633584e-009            
1.4187867e-006  9.045241e-009            
1.4236791e-006  8.9570234e-009            
1.4285714e-006  9.0579806e-009            
1.4334638e-006  9.2342127e-009            
1.4383562e-006  9.2088497e-009            
1.4432485e-006  9.1366903e-009            
1.4481409e-006  9.0732848e-009            
1.4530333e-006  9.118706e-009            
1.4579256e-006  9.198219e-009            
1.462818e-006  9.283388e-009            
1.4677104e-006  9.2887773e-009            
1.4726027e-006  9.2577725e-009            
1.4774951e-006  9.0553706e-009            
1.4823875e-006  8.8580562e-009            
1.4872798e-006  8.8882292e-009            
1.4921722e-006  8.9141957e-009            
1.4970646e-006  8.861491e-009            
1.5019569e-006  8.8008992e-009            
1.5068493e-006  8.8756232e-009            
1.5117417e-006  8.9557189e-009            
1.5166341e-006  9.0078903e-009            
1.5215264e-006  9.0820601e-009            
1.5264188e-006  9.1139383e-009            
1.5313112e-006  8.9952668e-009            
1.5362035e-006  9.0043224e-009            
1.5410959e-006  8.993895e-009            
1.5459883e-006  9.0032348e-009            
1.5508806e-006  8.8715888e-009            
1.555773e-006  8.7887286e-009            
1.5606654e-006  8.8502081e-009            
1.5655577e-006  8.9159224e-009            
1.5704501e-006  8.8440472e-009            
1.5753425e-006  8.7301648e-009            
1.5802348e-006  8.9165435e-009            
1.5851272e-006  8.8054889e-009            
1.5900196e-006  8.8100113e-009            
1.5949119e-006  8.7931179e-009            
1.5998043e-006  8.7330946e-009            
1.6046967e-006  8.745504e-009            
1.609589e-006  8.9321669e-009            
1.6144814e-006  8.9321844e-009            
1.6193738e-006  8.8665336e-009            
1.6242661e-006  8.9113722e-009            
1.6291585e-006  8.8651618e-009            
1.6340509e-006  8.8242947e-009            
1.6389432e-006  8.8181163e-009            
1.6438356e-006  8.9292201e-009            
1.648728e-006  8.972936e-009            
1.6536204e-006  8.9174175e-009            
1.6585127e-006  8.9673436e-009            
1.6634051e-006  9.0536352e-009            
1.6682975e-006  8.8551697e-009            
1.6731898e-006  8.8980472e-009            
1.6780822e-006  8.9524781e-009            
1.6829746e-006  8.9369916e-009            
1.6878669e-006  8.9584533e-009            
1.6927593e-006  9.0292267e-009            
1.6976517e-006  8.8733511e-009            
1.702544e-006  8.8767508e-009            
1.7074364e-006  8.837859e-009            
1.7123288e-006  8.8252005e-009            
1.7172211e-006  8.9365885e-009            
1.7221135e-006  8.9828481e-009            
1.7270059e-006  8.9620041e-009            
1.7318982e-006  9.0254589e-009            
1.7367906e-006  8.9530153e-009            
1.741683e-006  8.7249628e-009            
1.7465753e-006  8.7571253e-009            
1.7514677e-006  8.7303554e-009            
1.7563601e-006  8.8510515e-009            
1.7612524e-006  9.0777464e-009            
1.7661448e-006  8.9404444e-009            
1.7710372e-006  8.8409575e-009            
1.7759295e-006  8.9920933e-009            
1.7808219e-006  9.0707679e-009            
1.7857143e-006  9.017509e-009            
1.7906067e-006  8.953535e-009            
1.795499e-006  8.880523e-009            
1.8003914e-006  8.8551741e-009            
1.8052838e-006  8.8605634e-009            
1.8101761e-006  8.8772076e-009            
1.8150685e-006  8.9536369e-009            
1.8199609e-006  8.9807261e-009            
1.8248532e-006  8.9832732e-009            
1.8297456e-006  8.8719344e-009            
1.834638e-006  8.7806188e-009            
1.8395303e-006  8.7752788e-009            
1.8444227e-006  8.8302782e-009            
1.8493151e-006  8.9667483e-009            
1.8542074e-006  8.9323756e-009            
1.8590998e-006  8.8069397e-009            
1.8639922e-006  8.8151285e-009            
1.8688845e-006  8.9273549e-009            
1.8737769e-006  8.8960944e-009            
1.8786693e-006  8.7748933e-009            
1.8835616e-006  8.9096724e-009            
1.888454e-006  8.9333652e-009            
1.8933464e-006  8.9009677e-009            
1.8982387e-006  8.8891476e-009            
1.9031311e-006  8.9210259e-009            
1.9080235e-006  8.9030099e-009            
1.9129159e-006  8.983944e-009            
1.9178082e-006  8.8948737e-009            
1.9227006e-006  8.7801386e-009            
1.927593e-006  8.8678513e-009            
1.9324853e-006  8.8182445e-009            
1.9373777e-006  8.7677993e-009            
1.9422701e-006  8.7934816e-009            
1.9471624e-006  8.8501721e-009            
1.9520548e-006  8.846239e-009            
1.9569472e-006  8.825125e-009            
1.9618395e-006  8.867434e-009            
1.9667319e-006  8.8178272e-009            
1.9716243e-006  8.7422998e-009            
1.9765166e-006  8.7499344e-009            
1.981409e-006  8.7902681e-009            
1.9863014e-006  8.8486496e-009            
1.9911937e-006  8.852902e-009            
1.9960861e-006  8.9885337e-009            
2.0009785e-006  8.9721946e-009            
2.0058708e-006  8.8664975e-009            
2.0107632e-006  8.7241365e-009            
2.0156556e-006  8.8380683e-009            
2.0205479e-006  8.9221004e-009            
2.0254403e-006  8.9037859e-009            
2.0303327e-006  8.9940281e-009            
2.035225e-006  8.9007372e-009            
2.0401174e-006  8.8443661e-009            
2.0450098e-006  8.9611116e-009            
2.0499022e-006  8.9760647e-009            
2.0547945e-006  8.8528883e-009            
2.0596869e-006  8.8331812e-009            
2.0645793e-006  8.8681574e-009            
2.0694716e-006  8.8461908e-009            
2.074364e-006  8.8484678e-009            
2.0792564e-006  8.8918995e-009            
2.0841487e-006  8.8487871e-009            
2.0890411e-006  8.7614079e-009            
2.0939335e-006  8.8584145e-009            
2.0988258e-006  8.9153891e-009            
2.1037182e-006  8.8877666e-009            
2.1086106e-006  8.8914647e-009            
2.1135029e-006  8.8153689e-009            
2.1183953e-006  8.7981913e-009            
2.1232877e-006  8.7573242e-009            
2.12818e-006  8.8173968e-009            
2.1330724e-006  8.7040828e-009            
2.1379648e-006  8.57724e-009            
2.1428571e-006  8.6204017e-009            
2.1477495e-006  8.6655245e-009            
2.1526419e-006  8.7275724e-009            
2.1575342e-006  8.7211098e-009            
2.1624266e-006  8.6681208e-009            
2.167319e-006  8.5940003e-009            
2.1722114e-006  8.5762685e-009            
2.1771037e-006  8.6946909e-009            
2.1819961e-006  8.8227056e-009            
2.1868885e-006  8.8032826e-009            
2.1917808e-006  8.7793265e-009            
2.1966732e-006  8.7370667e-009            
2.2015656e-006  8.7331336e-009            
2.2064579e-006  8.7630366e-009            
2.2113503e-006  8.822555e-009            
2.2162427e-006  8.7848e-009            
2.221135e-006  8.740835e-009            
2.2260274e-006  8.727608e-009            
2.2309198e-006  8.8003567e-009            
2.2358121e-006  8.7837475e-009            
2.2407045e-006  8.7609424e-009            
2.2455969e-006  8.9050296e-009            
2.2504892e-006  8.9523977e-009            
2.2553816e-006  7.6211566e-009            
2.260274e-006  6.1793834e-009            
2.2651663e-006  7.2019714e-009            
2.2700587e-006  8.5484816e-009            
2.2749511e-006  8.8287372e-009            
2.2798434e-006  9.0269535e-009            
2.2847358e-006  8.995693e-009            
2.2896282e-006  8.894785e-009            
2.2945205e-006  8.8807054e-009            
2.2994129e-006  8.8750812e-009            
2.3043053e-006  8.9594117e-009            
2.3091977e-006  8.851441e-009            
2.31409e-006  8.8599282e-009            
2.3189824e-006  8.9625623e-009            
2.3238748e-006  9.0567552e-009            
2.3287671e-006  9.1568455e-009            
2.3336595e-006  9.0675052e-009            
2.3385519e-006  8.9386871e-009            
2.3434442e-006  8.8800707e-009            
2.3483366e-006  9.0314907e-009            
2.353229e-006  9.0594183e-009            
2.3581213e-006  9.0115026e-009            
2.3630137e-006  8.963317e-009            
2.3679061e-006  8.909788e-009            
2.3727984e-006  8.9035954e-009            
2.3776908e-006  8.9100931e-009            
2.3825832e-006  8.9817333e-009            
2.3874755e-006  9.0116363e-009            
2.3923679e-006  8.9594999e-009            
2.3972603e-006  9.0175972e-009            
2.4021526e-006  8.996469e-009            
2.407045e-006  8.949136e-009            
2.4119374e-006  8.9215276e-009            
2.4168297e-006  8.9452204e-009            
2.4217221e-006  8.9348072e-009            
2.4266145e-006  8.928913e-009            
2.4315068e-006  8.9512132e-009            
2.4363992e-006  8.9904242e-009            
2.4412916e-006  9.02766e-009            
2.446184e-006  9.0158399e-009            
2.4510763e-006  9.0370032e-009            
2.4559687e-006  9.0556369e-009            
2.4608611e-006  9.0849714e-009            
2.4657534e-006  9.01591e-009            
2.4706458e-006  8.984081e-009            
2.4755382e-006  8.9736678e-009            
2.4804305e-006  9.0179521e-009            
2.4853229e-006  9.0470166e-009            
2.4902153e-006  9.0853751e-009            
2.4951076e-006  9.0620015e-009            
2.5e-006  9.1367255e-009            
