03Dfront             
x       y           
[m]     [m]         
0  4.7731289e-009            
4.8923679e-009  4.803092e-009            
9.7847358e-009  4.7529058e-009            
1.4677104e-008  4.8863808e-009            
1.9569472e-008  4.9494836e-009            
2.446184e-008  4.8926467e-009            
2.9354207e-008  4.8939039e-009            
3.4246575e-008  4.9682617e-009            
3.9138943e-008  4.9519542e-009            
4.4031311e-008  5.0268804e-009            
4.8923679e-008  5.1435865e-009            
5.3816047e-008  5.1005058e-009            
5.8708415e-008  4.972501e-009            
6.3600783e-008  4.8812739e-009            
6.8493151e-008  4.7811224e-009            
7.3385519e-008  4.7195108e-009            
7.8277886e-008  4.7507812e-009            
8.3170254e-008  4.7967173e-009            
8.8062622e-008  4.779614e-009            
9.295499e-008  4.7871808e-009            
9.7847358e-008  4.8903582e-009            
1.0273973e-007  4.9107716e-009            
1.0763209e-007  4.8035146e-009            
1.1252446e-007  4.7411072e-009            
1.1741683e-007  4.7111004e-009            
1.223092e-007  4.6873465e-009            
1.2720157e-007  4.6368761e-009            
1.3209393e-007  4.5942501e-009            
1.369863e-007  4.5326385e-009            
1.4187867e-007  4.4726752e-009            
1.4677104e-007  4.5095164e-009            
1.5166341e-007  4.5008259e-009            
1.5655577e-007  4.5869503e-009            
1.6144814e-007  4.4597413e-009            
1.6634051e-007  4.3796555e-009            
1.7123288e-007  4.1404082e-009            
1.7612524e-007  4.3318066e-009            
1.8101761e-007  4.6511026e-009            
1.8590998e-007  4.1410532e-009            
1.9080235e-007  4.4364182e-009            
1.9569472e-007  4.5627309e-009            
2.0058708e-007  4.4062476e-009            
2.0547945e-007  4.6862648e-009            
2.1037182e-007  4.6457989e-009            
2.1526419e-007  4.6511488e-009            
2.2015656e-007  4.6227905e-009            
2.2504892e-007  4.5926132e-009            
2.2994129e-007  4.550101e-009            
2.3483366e-007  4.5132162e-009            
2.3972603e-007  4.6331055e-009            
2.446184e-007  4.7785744e-009            
2.4951076e-007  4.7508983e-009            
2.5440313e-007  4.824176e-009            
2.592955e-007  4.8304923e-009            
2.6418787e-007  4.8050898e-009            
2.6908023e-007  4.8366445e-009            
2.739726e-007  4.8092526e-009            
2.7886497e-007  4.7013704e-009            
2.8375734e-007  4.6926231e-009            
2.8864971e-007  4.3940312e-009            
2.9354207e-007  4.1182335e-009            
2.9843444e-007  4.722372e-009            
3.0332681e-007  4.7198206e-009            
3.0821918e-007  4.7003868e-009            
3.1311155e-007  4.6636725e-009            
3.1800391e-007  4.687326e-009            
3.2289628e-007  4.6680058e-009            
3.2778865e-007  4.6008235e-009            
3.3268102e-007  4.6933143e-009            
3.3757339e-007  4.6785984e-009            
3.4246575e-007  4.6159636e-009            
3.4735812e-007  4.5054097e-009            
3.5225049e-007  4.082956e-009            
3.5714286e-007  3.0138516e-009            
3.6203523e-007  3.7382139e-009            
3.6692759e-007  4.6944973e-009            
3.7181996e-007  4.6292477e-009            
3.7671233e-007  4.646762e-009            
3.816047e-007  4.6439264e-009            
3.8649706e-007  4.6935005e-009            
3.9138943e-007  4.7204509e-009            
3.962818e-007  4.6915242e-009            
4.0117417e-007  4.6436686e-009            
4.0606654e-007  4.6028048e-009            
4.109589e-007  4.5413068e-009            
4.1585127e-007  4.0568938e-009            
4.2074364e-007  4.2175399e-009            
4.2563601e-007  4.4817547e-009            
4.3052838e-007  4.5049534e-009            
4.3542074e-007  4.583006e-009            
4.4031311e-007  4.4631866e-009            
4.4520548e-007  4.3538833e-009            
4.5009785e-007  4.333881e-009            
4.5499022e-007  4.3142198e-009            
4.5988258e-007  4.2604525e-009            
4.6477495e-007  4.2681898e-009            
4.6966732e-007  4.2935486e-009            
4.7455969e-007  4.3552871e-009            
4.7945205e-007  4.427087e-009            
4.8434442e-007  4.4943393e-009            
4.8923679e-007  4.5228813e-009            
4.9412916e-007  4.4751394e-009            
4.9902153e-007  4.5538173e-009            
5.0391389e-007  4.5634304e-009            
5.0880626e-007  4.5546832e-009            
5.1369863e-007  4.434068e-009            
5.18591e-007  4.4105414e-009            
5.2348337e-007  4.2787281e-009            
5.2837573e-007  4.167549e-009            
5.332681e-007  4.1141228e-009            
5.3816047e-007  4.1752929e-009            
5.4305284e-007  3.7268618e-009            
5.4794521e-007  3.8098597e-009            
5.5283757e-007  4.1348402e-009            
5.5772994e-007  4.3162909e-009            
5.6262231e-007  4.2853747e-009            
5.6751468e-007  4.3107335e-009            
5.7240705e-007  4.4281217e-009            
5.7729941e-007  4.3969213e-009            
5.8219178e-007  4.3699272e-009            
5.8708415e-007  4.3421374e-009            
5.9197652e-007  4.2440323e-009            
5.9686888e-007  4.2791112e-009            
6.0176125e-007  4.2247755e-009            
6.0665362e-007  4.1321273e-009            
6.1154599e-007  4.1119545e-009            
6.1643836e-007  4.2069465e-009            
6.2133072e-007  4.3123976e-009            
6.2622309e-007  4.3474197e-009            
6.3111546e-007  4.2665382e-009            
6.3600783e-007  4.2506286e-009            
6.409002e-007  4.2332979e-009            
6.4579256e-007  4.282872e-009            
6.5068493e-007  4.3463158e-009            
6.555773e-007  4.3277915e-009            
6.6046967e-007  4.0589287e-009            
6.6536204e-007  4.2058187e-009            
6.702544e-007  4.2872819e-009            
6.7514677e-007  4.3169608e-009            
6.8003914e-007  4.4337806e-009            
6.8493151e-007  4.5599227e-009            
6.8982387e-007  4.6130779e-009            
6.9471624e-007  4.5958041e-009            
6.9960861e-007  4.5618183e-009            
7.0450098e-007  4.456892e-009            
7.0939335e-007  4.5248264e-009            
7.1428571e-007  4.4992535e-009            
7.1917808e-007  4.4179172e-009            
7.2407045e-007  4.5179682e-009            
7.2896282e-007  4.5510576e-009            
7.3385519e-007  4.5805091e-009            
7.3874755e-007  4.5992172e-009            
7.4363992e-007  4.5408456e-009            
7.4853229e-007  4.597184e-009            
7.5342466e-007  4.6642658e-009            
7.5831703e-007  4.6164671e-009            
7.6320939e-007  4.6260234e-009            
7.6810176e-007  4.5399691e-009            
7.7299413e-007  4.5308807e-009            
7.778865e-007  4.6216662e-009            
7.8277886e-007  4.7106328e-009            
7.8767123e-007  4.7389474e-009            
7.925636e-007  4.7800518e-009            
7.9745597e-007  4.6708622e-009            
8.0234834e-007  4.5624684e-009            
8.072407e-007  4.5655445e-009            
8.1213307e-007  4.5337756e-009            
8.1702544e-007  4.6066555e-009            
8.2191781e-007  4.5547072e-009            
8.2681018e-007  4.5751774e-009            
8.3170254e-007  4.5755251e-009            
8.3659491e-007  4.4314336e-009            
8.4148728e-007  4.1803628e-009            
8.4637965e-007  4.6439275e-009            
8.5127202e-007  4.7223211e-009            
8.5616438e-007  4.7917904e-009            
8.6105675e-007  4.756213e-009            
8.6594912e-007  4.5878494e-009            
8.7084149e-007  4.7902754e-009            
8.7573386e-007  4.7723763e-009            
8.8062622e-007  4.7617532e-009            
8.8551859e-007  4.7642609e-009            
8.9041096e-007  4.6352329e-009            
8.9530333e-007  4.4997816e-009            
9.0019569e-007  4.2491088e-009            
9.0508806e-007  3.8588284e-009            
9.0998043e-007  4.6358277e-009            
9.148728e-007  4.5988861e-009            
9.1976517e-007  4.3311033e-009            
9.2465753e-007  3.8828427e-009            
9.295499e-007  4.5289885e-009            
9.3444227e-007  4.6476273e-009            
9.3933464e-007  4.698395e-009            
9.4422701e-007  4.733133e-009            
9.4911937e-007  4.7153476e-009            
9.5401174e-007  4.7017117e-009            
9.5890411e-007  4.7077437e-009            
9.6379648e-007  4.6270895e-009            
9.6868885e-007  4.6351679e-009            
9.7358121e-007  4.6682573e-009            
9.7847358e-007  4.7037911e-009            
9.8336595e-007  4.7548999e-009            
9.8825832e-007  4.7144908e-009            
9.9315068e-007  4.6652142e-009            
9.9804305e-007  4.6605596e-009            
1.0029354e-006  4.6189568e-009            
1.0078278e-006  4.6727373e-009            
1.0127202e-006  4.755451e-009            
1.0176125e-006  4.7356761e-009            
1.0225049e-006  4.7071473e-009            
1.0273973e-006  4.6572454e-009            
1.0322896e-006  4.7195524e-009            
1.037182e-006  4.7502544e-009            
1.0420744e-006  4.7640171e-009            
1.0469667e-006  4.6801228e-009            
1.0518591e-006  4.6075972e-009            
1.0567515e-006  4.6575123e-009            
1.0616438e-006  4.6718434e-009            
1.0665362e-006  4.6604245e-009            
1.0714286e-006  4.5877852e-009            
1.0763209e-006  4.5526626e-009            
1.0812133e-006  4.545848e-009            
1.0861057e-006  4.6308355e-009            
1.090998e-006  4.668984e-009            
1.0958904e-006  4.6494933e-009            
1.1007828e-006  4.65274e-009            
1.1056751e-006  4.5935157e-009            
1.1105675e-006  4.5741955e-009            
1.1154599e-006  4.5232136e-009            
1.1203523e-006  4.5052577e-009            
1.1252446e-006  4.395727e-009            
1.130137e-006  3.5973109e-009            
1.1350294e-006  2.6860607e-009            
1.1399217e-006  2.9267991e-009            
1.1448141e-006  3.3543251e-009            
1.1497065e-006  4.5172343e-009            
1.1545988e-006  4.5985839e-009            
1.1594912e-006  4.5405533e-009            
1.1643836e-006  3.8754919e-009            
1.1692759e-006  4.2290077e-009            
1.1741683e-006  4.4767948e-009            
1.1790607e-006  4.5210255e-009            
1.183953e-006  4.5280239e-009            
1.1888454e-006  4.6503575e-009            
1.1937378e-006  4.6179065e-009            
1.1986301e-006  4.6193342e-009            
1.2035225e-006  4.6135996e-009            
1.2084149e-006  4.5875151e-009            
1.2133072e-006  4.6404997e-009            
1.2181996e-006  4.7223608e-009            
1.223092e-006  4.7663074e-009            
1.2279843e-006  4.7087316e-009            
1.2328767e-006  4.6712215e-009            
1.2377691e-006  4.6620763e-009            
1.2426614e-006  4.7816815e-009            
1.2475538e-006  4.7775954e-009            
1.2524462e-006  4.7491802e-009            
1.2573386e-006  4.7387276e-009            
1.2622309e-006  4.7736929e-009            
1.2671233e-006  4.7311238e-009            
1.2720157e-006  4.6499012e-009            
1.276908e-006  4.7093091e-009            
1.2818004e-006  4.792705e-009            
1.2866928e-006  4.7551949e-009            
1.2915851e-006  4.6549866e-009            
1.2964775e-006  4.2367961e-009            
1.3013699e-006  4.4144384e-009            
1.3062622e-006  4.4649788e-009            
1.3111546e-006  4.4770931e-009            
1.316047e-006  4.4273048e-009            
1.3209393e-006  4.4495372e-009            
1.3258317e-006  4.4363561e-009            
1.3307241e-006  4.4215834e-009            
1.3356164e-006  4.3851534e-009            
1.3405088e-006  4.4554753e-009            
1.3454012e-006  4.4408163e-009            
1.3502935e-006  4.4946536e-009            
1.3551859e-006  4.5637818e-009            
1.3600783e-006  4.6194381e-009            
1.3649706e-006  4.6705469e-009            
1.369863e-006  4.6714061e-009            
1.3747554e-006  4.6424794e-009            
1.3796477e-006  4.632311e-009            
1.3845401e-006  4.5706425e-009            
1.3894325e-006  4.432747e-009            
1.3943249e-006  4.108405e-009            
1.3992172e-006  3.5821552e-009            
1.4041096e-006  4.41236e-009            
1.409002e-006  4.5348641e-009            
1.4138943e-006  4.4965014e-009            
1.4187867e-006  4.5476102e-009            
1.4236791e-006  4.5942284e-009            
1.4285714e-006  4.6249873e-009            
1.4334638e-006  4.697924e-009            
1.4383562e-006  4.6617214e-009            
1.4432485e-006  4.7377844e-009            
1.4481409e-006  4.8365281e-009            
1.4530333e-006  4.9003698e-009            
1.4579256e-006  4.8927594e-009            
1.462818e-006  4.8215412e-009            
1.4677104e-006  4.8611108e-009            
1.4726027e-006  4.7794334e-009            
1.4774951e-006  4.7913771e-009            
1.4823875e-006  4.7764339e-009            
1.4872798e-006  4.7920724e-009            
1.4921722e-006  4.8021971e-009            
1.4970646e-006  4.8147093e-009            
1.5019569e-006  4.8084631e-009            
1.5068493e-006  4.7948841e-009            
1.5117417e-006  4.7603867e-009            
1.5166341e-006  4.7739789e-009            
1.5215264e-006  4.7645495e-009            
1.5264188e-006  4.6836111e-009            
1.5313112e-006  4.7439854e-009            
1.5362035e-006  4.828575e-009            
1.5410959e-006  4.8695657e-009            
1.5459883e-006  4.8266555e-009            
1.5508806e-006  4.8522984e-009            
1.555773e-006  4.7075817e-009            
1.5606654e-006  4.8172961e-009            
1.5655577e-006  4.7598908e-009            
1.5704501e-006  4.7223808e-009            
1.5753425e-006  4.7760475e-009            
1.5802348e-006  4.8505759e-009            
1.5851272e-006  4.8564942e-009            
1.5900196e-006  4.8291022e-009            
1.5949119e-006  4.8177401e-009            
1.5998043e-006  4.8810703e-009            
1.6046967e-006  4.8780642e-009            
1.609589e-006  4.8287875e-009            
1.6144814e-006  4.9524286e-009            
1.6193738e-006  4.762635e-009            
1.6242661e-006  4.5438513e-009            
1.6291585e-006  4.5107181e-009            
1.6340509e-006  3.3643635e-009            
1.6389432e-006  2.0622011e-009            
1.6438356e-006  2.6353598e-009            
1.648728e-006  4.3263445e-009            
1.6536204e-006  4.7074862e-009            
1.6585127e-006  4.7180088e-009            
1.6634051e-006  4.5987011e-009            
1.6682975e-006  4.5871116e-009            
1.6731898e-006  4.6163357e-009            
1.6780822e-006  4.6847818e-009            
1.6829746e-006  4.6855842e-009            
1.6878669e-006  4.6411392e-009            
1.6927593e-006  4.6533671e-009            
1.6976517e-006  4.6630939e-009            
1.702544e-006  4.6131352e-009            
1.7074364e-006  4.5506709e-009            
1.7123288e-006  4.4701872e-009            
1.7172211e-006  4.472638e-009            
1.7221135e-006  4.4292162e-009            
1.7270059e-006  4.4242775e-009            
1.7318982e-006  4.444634e-009            
1.7367906e-006  4.4399794e-009            
1.741683e-006  4.617167e-009            
1.7465753e-006  4.6473006e-009            
1.7514677e-006  4.6741941e-009            
1.7563601e-006  4.6960286e-009            
1.7612524e-006  4.7145661e-009            
1.7661448e-006  4.7303183e-009            
1.7710372e-006  4.6881471e-009            
1.7759295e-006  4.6816735e-009            
1.7808219e-006  4.7355677e-009            
1.7857143e-006  4.7033441e-009            
1.7906067e-006  4.6540674e-009            
1.795499e-006  4.6369641e-009            
1.8003914e-006  4.4428505e-009            
1.8052838e-006  4.4205176e-009            
1.8101761e-006  4.3366233e-009            
1.8150685e-006  4.3350951e-009            
1.8199609e-006  4.2597842e-009            
1.8248532e-006  4.2602455e-009            
1.8297456e-006  4.2018739e-009            
1.834638e-006  4.2290517e-009            
1.8395303e-006  4.2046156e-009            
1.8444227e-006  4.259874e-009            
1.8493151e-006  4.3134271e-009            
1.8542074e-006  4.2839319e-009            
1.8590998e-006  4.1960586e-009            
1.8639922e-006  4.2656984e-009            
1.8688845e-006  4.2907161e-009            
1.8737769e-006  4.2948154e-009            
1.8786693e-006  4.249802e-009            
1.8835616e-006  4.1568696e-009            
1.888454e-006  4.0180077e-009            
1.8933464e-006  3.0839064e-009            
1.8982387e-006  2.8373831e-009            
1.9031311e-006  3.834537e-009            
1.9080235e-006  4.1683281e-009            
1.9129159e-006  4.3434693e-009            
1.9178082e-006  4.345977e-009            
1.9227006e-006  4.220928e-009            
1.927593e-006  3.8338309e-009            
1.9324853e-006  3.4916402e-009            
1.9373777e-006  4.3992656e-009            
1.9422701e-006  4.4369026e-009            
1.9471624e-006  4.4690257e-009            
1.9520548e-006  4.488018e-009            
1.9569472e-006  4.3922434e-009            
1.9618395e-006  4.3713885e-009            
1.9667319e-006  4.3288193e-009            
1.9716243e-006  4.3937411e-009            
1.9765166e-006  4.3015477e-009            
1.981409e-006  4.3450395e-009            
1.9863014e-006  4.4170667e-009            
1.9911937e-006  4.3970076e-009            
1.9960861e-006  4.280542e-009            
2.0009785e-006  4.2233073e-009            
2.0058708e-006  4.2013723e-009            
2.0107632e-006  4.2639066e-009            
2.0156556e-006  4.2162785e-009            
2.0205479e-006  4.1980952e-009            
2.0254403e-006  4.2561389e-009            
2.0303327e-006  4.3199238e-009            
2.035225e-006  4.3725105e-009            
2.0401174e-006  4.4185603e-009            
2.0450098e-006  4.386962e-009            
2.0499022e-006  4.3663344e-009            
2.0547945e-006  3.9662201e-009            
2.0596869e-006  4.1664861e-009            
2.0645793e-006  4.3228121e-009            
2.0694716e-006  4.3563563e-009            
2.074364e-006  4.3157199e-009            
2.0792564e-006  4.4726143e-009            
2.0841487e-006  4.5754506e-009            
2.0890411e-006  4.5840406e-009            
2.0939335e-006  4.6262818e-009            
2.0988258e-006  4.6603945e-009            
2.1037182e-006  4.6300467e-009            
2.1086106e-006  4.623971e-009            
2.1135029e-006  4.5158046e-009            
2.1183953e-006  4.4155394e-009            
2.1232877e-006  4.372686e-009            
2.12818e-006  4.3309127e-009            
2.1330724e-006  4.2644694e-009            
2.1379648e-006  4.2374185e-009            
2.1428571e-006  4.233446e-009            
2.1477495e-006  4.2019614e-009            
2.1526419e-006  4.1482509e-009            
2.1575342e-006  4.2251098e-009            
2.1624266e-006  4.2795156e-009            
2.167319e-006  4.2878213e-009            
2.1722114e-006  4.371274e-009            
2.1771037e-006  4.3522949e-009            
2.1819961e-006  4.3474698e-009            
2.1868885e-006  4.2413498e-009            
2.1917808e-006  4.390343e-009            
2.1966732e-006  4.4549805e-009            
2.2015656e-006  4.5248477e-009            
2.2064579e-006  4.5968749e-009            
2.2113503e-006  4.5993826e-009            
2.2162427e-006  4.4466509e-009            
2.221135e-006  4.0874639e-009            
2.2260274e-006  4.5815535e-009            
2.2309198e-006  4.5676335e-009            
2.2358121e-006  4.5218243e-009            
2.2407045e-006  4.4982409e-009            
2.2455969e-006  4.4753964e-009            
2.2504892e-006  4.4357263e-009            
2.2553816e-006  4.3927592e-009            
2.260274e-006  4.421756e-009            
2.2651663e-006  4.4373945e-009            
2.2700587e-006  4.4858317e-009            
2.2749511e-006  4.4848151e-009            
2.2798434e-006  4.5173361e-009            
2.2847358e-006  4.5704345e-009            
2.2896282e-006  4.5805592e-009            
2.2945205e-006  4.5811342e-009            
2.2994129e-006  4.6035371e-009            
2.3043053e-006  4.6778949e-009            
2.3091977e-006  4.6396459e-009            
2.31409e-006  4.6432905e-009            
2.3189824e-006  4.6392043e-009            
2.3238748e-006  4.6542176e-009            
2.3287671e-006  4.6814522e-009            
2.3336595e-006  4.6796966e-009            
2.3385519e-006  4.6375254e-009            
2.3434442e-006  4.702163e-009            
2.3483366e-006  4.6763626e-009            
2.353229e-006  4.6319177e-009            
2.3581213e-006  4.5064708e-009            
2.3630137e-006  4.4455413e-009            
2.3679061e-006  4.4300865e-009            
2.3727984e-006  4.473692e-009            
2.3776908e-006  4.5620901e-009            
2.3825832e-006  4.3701364e-009            
2.3874755e-006  4.4508607e-009            
2.3923679e-006  4.5840514e-009            
2.3972603e-006  4.5477919e-009            
2.4021526e-006  4.5278465e-009            
2.407045e-006  4.626249e-009            
2.4119374e-006  4.6394433e-009            
2.4168297e-006  4.6603114e-009            
2.4217221e-006  4.7734932e-009            
2.4266145e-006  4.8085154e-009            
2.4315068e-006  4.7284296e-009            
2.4363992e-006  4.6627252e-009            
2.4412916e-006  4.6804669e-009            
2.446184e-006  4.6654669e-009            
2.4510763e-006  4.6462604e-009            
2.4559687e-006  4.709079e-009            
2.4608611e-006  4.7213637e-009            
2.4657534e-006  4.7296126e-009            
2.4706458e-006  4.6227536e-009            
2.4755382e-006  4.6778983e-009            
2.4804305e-006  4.7512897e-009            
2.4853229e-006  4.7895519e-009            
2.4902153e-006  4.8204245e-009            
2.4951076e-006  4.8993298e-009            
