-4.310000000000000000e+06
-4.305800000000000000e+06
-4.301600000000000000e+06
-4.297400000000000000e+06
-4.293200000000000000e+06
-4.289000000000000000e+06
-4.284800000000000000e+06
-4.280600000000000000e+06
-4.276400000000000000e+06
-4.272200000000000000e+06
-4.268000000000000000e+06
-4.263800000000000000e+06
-4.259600000000000000e+06
-4.255400000000000000e+06
-4.251200000000000000e+06
-4.247000000000000000e+06
-4.242800000000000000e+06
-4.238600000000000000e+06
-4.234400000000000000e+06
-4.230200000000000000e+06
-4.226000000000000000e+06
-4.221800000000000000e+06
-4.217600000000000000e+06
-4.213400000000000000e+06
-4.209200000000000000e+06
-4.205000000000000000e+06
-4.200800000000000000e+06
-4.196600000000000000e+06
-4.192400000000000000e+06
-4.188200000000000000e+06
-4.184000000000000000e+06
-4.179800000000000000e+06
-4.175600000000000000e+06
-4.171400000000000000e+06
-4.167200000000000000e+06
-4.163000000000000000e+06
-4.158800000000000000e+06
-4.154600000000000000e+06
-4.150400000000000000e+06
-4.146200000000000000e+06
-4.142000000000000000e+06
-4.137800000000000000e+06
-4.133600000000000000e+06
-4.129400000000000000e+06
-4.125200000000000000e+06
-4.121000000000000000e+06
-4.116800000000000000e+06
-4.112600000000000000e+06
-4.108400000000000000e+06
-4.104200000000000000e+06
-4.100000000000000000e+06
-4.095800000000000000e+06
-4.091600000000000000e+06
-4.087400000000000000e+06
-4.083200000000000000e+06
-4.079000000000000000e+06
-4.074800000000000000e+06
-4.070600000000000000e+06
-4.066400000000000000e+06
-4.062200000000000000e+06
-4.058000000000000000e+06
-4.053800000000000000e+06
-4.049600000000000000e+06
-4.045400000000000000e+06
-4.041200000000000000e+06
-4.037000000000000000e+06
-4.032800000000000000e+06
-4.028600000000000000e+06
-4.024400000000000000e+06
-4.020200000000000000e+06
-4.016000000000000000e+06
-4.011800000000000000e+06
-4.007600000000000000e+06
-4.003400000000000000e+06
-3.999200000000000000e+06
-3.995000000000000000e+06
-3.990800000000000000e+06
-3.986600000000000000e+06
-3.982400000000000000e+06
-3.978200000000000000e+06
-3.974000000000000000e+06
-3.969800000000000000e+06
-3.965600000000000000e+06
-3.961400000000000000e+06
-3.957200000000000000e+06
-3.953000000000000000e+06
-3.948800000000000000e+06
-3.944600000000000000e+06
-3.940400000000000000e+06
-3.936200000000000000e+06
-3.932000000000000000e+06
-3.927800000000000000e+06
-3.923600000000000000e+06
-3.919400000000000000e+06
-3.915200000000000000e+06
-3.911000000000000000e+06
-3.906800000000000000e+06
-3.902600000000000000e+06
-3.898400000000000000e+06
-3.894200000000000000e+06
-3.890000000000000000e+06
-3.885800000000000000e+06
-3.881600000000000000e+06
-3.877400000000000000e+06
-3.873200000000000000e+06
-3.869000000000000000e+06
-3.864800000000000000e+06
-3.860600000000000000e+06
-3.856400000000000000e+06
-3.852200000000000000e+06
-3.848000000000000000e+06
-3.843800000000000000e+06
-3.839600000000000000e+06
-3.835400000000000000e+06
-3.831200000000000000e+06
-3.827000000000000000e+06
-3.822800000000000000e+06
-3.818600000000000000e+06
-3.814400000000000000e+06
-3.810200000000000000e+06
-3.806000000000000000e+06
-3.801800000000000000e+06
-3.797600000000000000e+06
-3.793400000000000000e+06
-3.789200000000000000e+06
-3.785000000000000000e+06
-3.780800000000000000e+06
-3.776600000000000000e+06
-3.772400000000000000e+06
-3.768200000000000000e+06
-3.764000000000000000e+06
-3.759800000000000000e+06
-3.755600000000000000e+06
-3.751400000000000000e+06
-3.747200000000000000e+06
-3.743000000000000000e+06
-3.738800000000000000e+06
-3.734600000000000000e+06
-3.730400000000000000e+06
-3.726200000000000000e+06
-3.722000000000000000e+06
-3.717800000000000000e+06
-3.713600000000000000e+06
-3.709400000000000000e+06
-3.705200000000000000e+06
-3.701000000000000000e+06
-3.696800000000000000e+06
-3.692600000000000000e+06
-3.688400000000000000e+06
-3.684200000000000000e+06
-3.680000000000000000e+06
-3.675800000000000000e+06
-3.671600000000000000e+06
-3.667400000000000000e+06
-3.663200000000000000e+06
-3.659000000000000000e+06
-3.654800000000000000e+06
-3.650600000000000000e+06
-3.646400000000000000e+06
-3.642200000000000000e+06
-3.638000000000000000e+06
-3.633800000000000000e+06
-3.629600000000000000e+06
-3.625400000000000000e+06
-3.621200000000000000e+06
-3.617000000000000000e+06
-3.612800000000000000e+06
-3.608600000000000000e+06
-3.604400000000000000e+06
-3.600200000000000000e+06
-3.596000000000000000e+06
-3.591800000000000000e+06
-3.587600000000000000e+06
-3.583400000000000000e+06
-3.579200000000000000e+06
-3.575000000000000000e+06
-3.570800000000000000e+06
-3.566600000000000000e+06
-3.562400000000000000e+06
-3.558200000000000000e+06
-3.554000000000000000e+06
-3.549800000000000000e+06
-3.545600000000000000e+06
-3.541400000000000000e+06
-3.537200000000000000e+06
-3.533000000000000000e+06
-3.528800000000000000e+06
-3.524600000000000000e+06
-3.520400000000000000e+06
-3.516200000000000000e+06
-3.512000000000000000e+06
-3.507800000000000000e+06
-3.503600000000000000e+06
-3.499400000000000000e+06
-3.495200000000000000e+06
-3.491000000000000000e+06
-3.486800000000000000e+06
-3.482600000000000000e+06
-3.478400000000000000e+06
-3.474200000000000000e+06
-3.470000000000000000e+06
-3.465800000000000000e+06
-3.461600000000000000e+06
-3.457400000000000000e+06
-3.453200000000000000e+06
-3.449000000000000000e+06
-3.444800000000000000e+06
-3.440600000000000000e+06
-3.436400000000000000e+06
-3.432200000000000000e+06
-3.428000000000000000e+06
-3.423800000000000000e+06
-3.419600000000000000e+06
-3.415400000000000000e+06
-3.411200000000000000e+06
-3.407000000000000000e+06
-3.402800000000000000e+06
-3.398600000000000000e+06
-3.394400000000000000e+06
-3.390200000000000000e+06
-3.386000000000000000e+06
-3.381800000000000000e+06
-3.377600000000000000e+06
-3.373400000000000000e+06
-3.369200000000000000e+06
-3.365000000000000000e+06
-3.360800000000000000e+06
-3.356600000000000000e+06
-3.352400000000000000e+06
-3.348200000000000000e+06
-3.344000000000000000e+06
-3.339800000000000000e+06
-3.335600000000000000e+06
-3.331400000000000000e+06
-3.327200000000000000e+06
-3.323000000000000000e+06
-3.318800000000000000e+06
-3.314600000000000000e+06
-3.310400000000000000e+06
-3.306200000000000000e+06
-3.302000000000000000e+06
-3.297800000000000000e+06
-3.293600000000000000e+06
-3.289400000000000000e+06
-3.285200000000000000e+06
-3.281000000000000000e+06
-3.276800000000000000e+06
-3.272600000000000000e+06
-3.268400000000000000e+06
-3.264200000000000000e+06
-3.260000000000000000e+06
-3.255800000000000000e+06
-3.251600000000000000e+06
-3.247400000000000000e+06
-3.243200000000000000e+06
-3.239000000000000000e+06
-3.234800000000000000e+06
-3.230600000000000000e+06
-3.226400000000000000e+06
-3.222200000000000000e+06
-3.218000000000000000e+06
-3.213800000000000000e+06
-3.209600000000000000e+06
-3.205400000000000000e+06
-3.201200000000000000e+06
-3.197000000000000000e+06
-3.192800000000000000e+06
-3.188600000000000000e+06
-3.184400000000000000e+06
-3.180200000000000000e+06
-3.176000000000000000e+06
-3.171800000000000000e+06
-3.167600000000000000e+06
-3.163400000000000000e+06
-3.159200000000000000e+06
-3.155000000000000000e+06
-3.150800000000000000e+06
-3.146600000000000000e+06
-3.142400000000000000e+06
-3.138200000000000000e+06
-3.134000000000000000e+06
-3.129800000000000000e+06
-3.125600000000000000e+06
-3.121400000000000000e+06
-3.117200000000000000e+06
-3.113000000000000000e+06
-3.108800000000000000e+06
-3.104600000000000000e+06
-3.100400000000000000e+06
-3.096200000000000000e+06
-3.092000000000000000e+06
-3.087800000000000000e+06
-3.083600000000000000e+06
-3.079400000000000000e+06
-3.075200000000000000e+06
-3.071000000000000000e+06
-3.066800000000000000e+06
-3.062600000000000000e+06
-3.058400000000000000e+06
-3.054200000000000000e+06
-3.050000000000000000e+06
-3.045800000000000000e+06
-3.041600000000000000e+06
-3.037400000000000000e+06
-3.033200000000000000e+06
-3.029000000000000000e+06
-3.024800000000000000e+06
-3.020600000000000000e+06
-3.016400000000000000e+06
-3.012200000000000000e+06
-3.008000000000000000e+06
-3.003800000000000000e+06
-2.999600000000000000e+06
-2.995400000000000000e+06
-2.991200000000000000e+06
-2.987000000000000000e+06
-2.982800000000000000e+06
-2.978600000000000000e+06
-2.974400000000000000e+06
-2.970200000000000000e+06
-2.966000000000000000e+06
-2.961800000000000000e+06
-2.957600000000000000e+06
-2.953400000000000000e+06
-2.949200000000000000e+06
-2.945000000000000000e+06
-2.940800000000000000e+06
-2.936600000000000000e+06
-2.932400000000000000e+06
-2.928200000000000000e+06
-2.924000000000000000e+06
-2.919800000000000000e+06
-2.915600000000000000e+06
-2.911400000000000000e+06
-2.907200000000000000e+06
-2.903000000000000000e+06
-2.898800000000000000e+06
-2.894600000000000000e+06
-2.890400000000000000e+06
-2.886200000000000000e+06
-2.882000000000000000e+06
-2.877800000000000000e+06
-2.873600000000000000e+06
-2.869400000000000000e+06
-2.865200000000000000e+06
-2.861000000000000000e+06
-2.856800000000000000e+06
-2.852600000000000000e+06
-2.848400000000000000e+06
-2.844200000000000000e+06
-2.840000000000000000e+06
-2.835800000000000000e+06
-2.831600000000000000e+06
-2.827400000000000000e+06
-2.823200000000000000e+06
-2.819000000000000000e+06
-2.814800000000000000e+06
-2.810600000000000000e+06
-2.806400000000000000e+06
-2.802200000000000000e+06
-2.798000000000000000e+06
-2.793800000000000000e+06
-2.789600000000000000e+06
-2.785400000000000000e+06
-2.781200000000000000e+06
-2.777000000000000000e+06
-2.772800000000000000e+06
-2.768600000000000000e+06
-2.764400000000000000e+06
-2.760200000000000000e+06
-2.756000000000000000e+06
-2.751800000000000000e+06
-2.747600000000000000e+06
-2.743400000000000000e+06
-2.739200000000000000e+06
-2.735000000000000000e+06
-2.730800000000000000e+06
-2.726600000000000000e+06
-2.722400000000000000e+06
-2.718200000000000000e+06
-2.714000000000000000e+06
-2.709800000000000000e+06
-2.705600000000000000e+06
-2.701400000000000000e+06
-2.697200000000000000e+06
-2.693000000000000000e+06
-2.688800000000000000e+06
-2.684600000000000000e+06
-2.680400000000000000e+06
-2.676200000000000000e+06
-2.672000000000000000e+06
-2.667800000000000000e+06
-2.663600000000000000e+06
-2.659400000000000000e+06
-2.655200000000000000e+06
-2.651000000000000000e+06
-2.646800000000000000e+06
-2.642600000000000000e+06
-2.638400000000000000e+06
-2.634200000000000000e+06
-2.630000000000000000e+06
