8.438468691878486805e-01
8.462073649117141105e-01
8.433702066621452387e-01
8.384468668478783915e-01
8.468876414708422784e-01
8.427891184267379820e-01
8.485476712397548305e-01
8.499013705879876479e-01
8.543867406061832481e-01
8.456035708772494663e-01
8.441609121543808270e-01
8.361318807831034094e-01
8.369565903443865196e-01
8.378453731487693901e-01
8.453942200614223967e-01
8.510528165155986091e-01
8.570062940337911384e-01
8.521136329123029096e-01
8.398892252846348327e-01
8.388017835920758003e-01
8.361036964043033759e-01
8.380283320216657117e-01
8.492838761768016775e-01
8.487335321429919643e-01
8.528207428414336100e-01
8.476691265075239068e-01
8.491903495699253401e-01
8.389997666000027499e-01
8.362055896320151893e-01
8.397229248930568879e-01
8.406986512060147243e-01
8.481430061546249011e-01
8.505709176516910164e-01
8.515684301228039210e-01
8.510144556660919068e-01
8.405618515144166469e-01
8.402563595669646501e-01
8.343887154343112567e-01
8.398606383726417990e-01
8.478216278306530684e-01
8.510115667614303048e-01
8.527586721966214922e-01
8.501222267134925792e-01
8.442911061134402706e-01
8.386677470321582950e-01
8.403269546496129339e-01
8.390898872595169422e-01
8.431260578373318548e-01
8.488779434677673486e-01
8.553500923919545862e-01
8.507860959245289179e-01
8.476288525070878599e-01
8.412921074678044731e-01
8.364819517449323394e-01
8.383386105661208010e-01
8.418324852023112426e-01
8.463423730619639151e-01
8.507792179002128252e-01
8.503316256112725124e-01
8.453699849821835199e-01
8.432125897934552583e-01
8.388856201857074479e-01
8.354606672594366845e-01
8.436368478876052901e-01
8.475890740445217730e-01
8.524789195984486811e-01
8.525941609309812819e-01
8.480391429394008584e-01
8.471327622198020491e-01
8.396237288436133595e-01
8.378544286500984040e-01
8.405133393025867594e-01
8.421295657260794432e-01
8.494134659879685190e-01
8.537621053494952594e-01
8.507600822844809674e-01
8.431627195168609479e-01
8.418741394529993816e-01
8.395155056384139280e-01
8.398729418891980325e-01
8.410649431400599729e-01
8.479420719582846377e-01
8.505262285933521405e-01
8.505935719384440930e-01
8.516052365250890155e-01
8.437753028074755912e-01
8.387784361091034091e-01
8.382314300956263953e-01
8.397061860672278000e-01
8.446115228983095413e-01
8.500893066172028334e-01
8.519587706927393977e-01
8.500893280518820871e-01
8.441240323148864189e-01
8.382459352703638400e-01
8.366809891866010540e-01
8.379258617648650542e-01
8.402438648129978427e-01
8.445643571666344718e-01
8.539928350574158555e-01
8.512335881543391380e-01
8.473037733094155310e-01
8.403636643282549334e-01
8.377900652135927828e-01
8.359008162855767754e-01
8.405309103047620134e-01
8.501297726313391534e-01
8.497742269279077165e-01
8.549202073639837751e-01
8.483418444356767285e-01
8.456133941497381290e-01
8.414484679665737987e-01
8.386587628772922409e-01
8.390259296023248048e-01
8.446799336151180615e-01
8.499311930289881190e-01
8.519226592450790392e-01
8.552095784915051402e-01
8.454285743646658968e-01
8.437140863436850546e-01
8.400230244394290002e-01
8.402133883355773492e-01
8.392321763765294707e-01
8.458985318668065245e-01
8.538468711214575180e-01
8.528462670731439266e-01
8.535345229454337490e-01
8.433147893319340449e-01
8.392872360264940212e-01
8.364302571109178963e-01
8.423623756828687581e-01
8.435439091143434043e-01
8.492147605742363936e-01
8.516484335854549448e-01
8.541110637185743704e-01
8.496923102942561812e-01
8.416743835099632642e-01
8.381326571439231543e-01
8.337994266173185398e-01
8.439022975168252172e-01
8.449563924640784984e-01
8.501022437453441549e-01
8.516868983994144715e-01
8.512575893817181383e-01
8.451377947671565583e-01
8.421184809387785020e-01
8.419737015427292137e-01
8.394096575364340396e-01
8.450069835535072293e-01
8.506842981868617537e-01
8.505160121966519604e-01
8.501350543215077105e-01
8.472258637867794429e-01
8.412121738232768431e-01
8.403784555867346295e-01
8.405859296769948585e-01
8.409773069533156287e-01
8.466996142362563926e-01
8.501356656488662233e-01
8.532300865591319061e-01
8.487157112663877845e-01
8.444367283807344693e-01
8.399656067681335880e-01
8.397145781363292150e-01
8.407642034471942694e-01
8.440811689916882798e-01
8.466267629401597050e-01
8.525101396285693633e-01
8.479585638862375818e-01
8.462476646950027881e-01
8.379613273654371586e-01
8.403290409011373585e-01
8.392645422068403249e-01
8.420656756596266446e-01
8.475385242612069048e-01
8.511742937210725612e-01
8.526371904223615239e-01
8.515959445495658864e-01
8.419743586595120899e-01
8.415439007684663020e-01
8.393587911533901824e-01
8.372849262085418909e-01
8.458874684302341018e-01
8.489600673136328268e-01
8.533356787356477513e-01
8.523735985033962237e-01
8.450782848075857334e-01
8.391215893433868755e-01
8.394125347211136567e-01
8.386380591365436565e-01
8.460686304843395567e-01
8.473048671934095832e-01
8.512270666864032442e-01
8.516907990716765520e-01
8.493453980225732503e-01
8.424325802922056905e-01
8.362827026948330689e-01
8.373062689983842288e-01
8.404296547678901108e-01
8.454814200689277914e-01
8.537290175440301887e-01
8.490322562988182886e-01
8.524908113720700564e-01
8.429935167696156473e-01
8.418223707831377078e-01
8.388668058237530589e-01
8.418376085043316470e-01
8.412527999480589047e-01
8.489293595657291247e-01
8.500158596405789080e-01
8.523132897235439209e-01
8.519307096977631888e-01
8.424350309143161519e-01
8.387753902806887041e-01
8.369079614345686924e-01
8.398999263642573654e-01
8.500257676581156607e-01
8.498914055228048436e-01
8.509276586168914580e-01
8.472875667108028530e-01
8.460233101120760990e-01
8.425859706397776927e-01
8.370400977580041424e-01
8.396755114672170839e-01
8.415343261532993724e-01
8.481074416774828650e-01
8.516836722012328664e-01
8.539594848521476766e-01
8.458378322243280678e-01
8.418464552241670118e-01
8.386958994305897530e-01
8.383709818377842460e-01
8.396411965600955041e-01
8.457308673265716559e-01
8.472451666516485069e-01
8.496590887016880478e-01
8.474148385624917790e-01
8.474303386501315094e-01
8.399663169209041769e-01
8.384202272906159381e-01
8.380486123326434944e-01
8.416399676934200880e-01
8.466783730416305165e-01
8.498144500398179257e-01
8.528322936539542987e-01
8.480163490159491335e-01
8.426452897079032001e-01
8.400335077496987601e-01
8.413029659178918873e-01
8.396945935063991895e-01
8.447946604400694559e-01
8.475860777040949978e-01
8.501024579955429594e-01
8.489643914883634457e-01
8.474060651492051344e-01
8.407389610037149241e-01
8.367920264396379038e-01
8.375647689848695343e-01
8.422604192898039965e-01
8.478985893556668652e-01
8.489265039148506942e-01
8.489610005764902656e-01
8.465570124302702615e-01
8.425086141784573490e-01
8.396852870050977025e-01
8.370354311475142195e-01
8.430179137034602421e-01
8.442471237988466992e-01
8.454100291328333627e-01
8.499952038015406997e-01
8.498308198708521832e-01
8.447325708124832078e-01
8.397124472942011364e-01
8.389849197008043546e-01
8.388470705278227024e-01
8.468519502494989970e-01
8.482369120610152580e-01
8.516369995834747186e-01
8.526451044014863312e-01
8.464143831186828892e-01
8.444877154153777044e-01
8.381383300083017351e-01
8.363322972690423462e-01
8.436244381860346087e-01
8.411022444864066916e-01
8.491861863810374889e-01
8.530787638941568218e-01
8.524254828965387443e-01
8.494044939827537499e-01
8.442647166811537707e-01
8.410651195772906874e-01
8.366898429101501389e-01
8.424378476393536985e-01
8.453829162369616013e-01
8.469540973921045879e-01
8.499111143671777002e-01
8.479330071946762359e-01
8.498476603132369966e-01
8.442702380360781467e-01
8.410961387395008426e-01
8.410651527439848563e-01
8.426452959684431754e-01
8.442614181723390177e-01
8.484342863764086085e-01
8.523237182827705372e-01
8.523805879325118129e-01
8.467785684371978983e-01
8.421628332011448226e-01
8.394756353058794307e-01
8.394765459131965368e-01
8.422148348377219707e-01
8.469453510193573065e-01
8.502485636436774019e-01
8.530976488759224319e-01
8.492540669722948854e-01
8.472723533049854039e-01
8.415094641258472619e-01
8.418119410412915338e-01
8.389987478009045541e-01
8.445371528406923067e-01
8.477104857182927722e-01
8.501443971579955017e-01
8.491845681835811233e-01
8.513190120963972651e-01
8.428666476570668697e-01
8.423710595608432383e-01
8.415078455674297464e-01
8.408739404743819090e-01
8.432074976981286385e-01
8.443008986246088865e-01
8.514061965052003300e-01
8.510648470240665953e-01
8.502514186975952404e-01
8.472771288019711466e-01
8.448586047397355081e-01
8.409524557682404033e-01
8.397718309036197315e-01
8.402789811813298204e-01
8.474746554006388211e-01
8.449365640123002175e-01
8.469256406614956711e-01
8.464233587797925784e-01
8.504417237125619922e-01
8.454411186236890918e-01
8.433168808941368111e-01
8.386117251388757188e-01
8.382172363539664994e-01
8.365162136445859486e-01
8.400674450925550429e-01
8.435102085322893073e-01
8.462497995004697460e-01
8.479726293843200535e-01
8.496629200275070959e-01
8.478603820100195643e-01
8.477425064792110110e-01
8.409332113114972307e-01
8.359994416527080086e-01
8.399050794429382405e-01
8.398846499226987339e-01
8.387968895915970391e-01
8.467183820430341790e-01
8.461672547807002065e-01
8.485150549265806363e-01
8.493061644312619451e-01
8.480054028156981394e-01
8.424977667823670968e-01
8.423396663130484630e-01
8.401763716630971102e-01
8.379702144649325835e-01
8.400263278167223735e-01
8.395197690143738622e-01
8.408234748869571895e-01
8.445296661498967739e-01
8.458981042142172946e-01
8.445362189395768659e-01
8.470910643421607489e-01
8.423096474464155659e-01
8.397816893912268821e-01
8.376564749171665492e-01
8.354608634022014924e-01
8.347935014391310027e-01
8.340730653843698716e-01
8.369794682043932843e-01
8.399771275299484641e-01
8.386227139392882224e-01
8.406106606809462534e-01
8.433664802696929641e-01
8.372060582244156279e-01
8.335968159265142452e-01
8.351481052927848259e-01
8.356420654403927673e-01
8.325046237710502783e-01
8.344503325749520473e-01
8.354327058594068767e-01
8.368907410762819188e-01
8.348813604032579994e-01
8.355601216644763518e-01
8.388383228659405111e-01
8.400172962621927919e-01
8.375872058142923571e-01
