9.981017454311845727e-01
1.009684128747529774e+00
1.006918468215355578e+00
1.007101928718054706e+00
1.000929351692587010e+00
9.926558315364463203e-01
9.786787227748918738e-01
9.734492282699689358e-01
9.762818220520722567e-01
9.650123571635605968e-01
9.855102247215058453e-01
9.755322680424913795e-01
9.855410674212409239e-01
9.882277531384345837e-01
9.728590096078933991e-01
9.804869102029548644e-01
9.682465024502086015e-01
9.683953504172666538e-01
9.725041760756376608e-01
9.792826166431857215e-01
9.687971832378170500e-01
9.648538233205152803e-01
9.743570429326006144e-01
9.815541868346778775e-01
9.601780309744266662e-01
9.617299951366738986e-01
9.638011786112996582e-01
9.702817083547327082e-01
9.606870490963895781e-01
9.590728639368774067e-01
9.537462745022696753e-01
9.601475735138556011e-01
9.521083674674828412e-01
9.591126518981872850e-01
9.385585510179178526e-01
9.549319282542910736e-01
9.569988551422060619e-01
9.534377364168876712e-01
9.473294738029762740e-01
9.498700231950129025e-01
