9.712925668299501922e+03
1.328418712206741329e+05
1.832140425198721641e+04
2.313158173654775965e+03
6.043799765022392421e+03
7.055090280848645489e+04
4.885746895957600645e+04
2.934012641518137116e+03
6.139723910903367141e+03
2.798759745171503528e+04
7.403200390071366564e+04
7.258839049348580011e+04
5.906849091369670532e+03
1.895068000586795824e+04
1.362361871821090426e+04
3.845135790939549770e+04
7.395163218214018343e+03
4.105816556227351975e+04
5.103133809098010715e+03
3.100190666459302884e+04
6.948980409765499644e+04
1.073306595697722514e+05
3.766771572010117779e+03
8.259329585954736103e+03
1.771896060388479236e+04
1.807711710204195469e+03
8.571772710393181478e+04
6.814790490561207662e+03
1.978630484975950094e+04
1.911049389524384242e+04
