8.522514309707667053e+03
4.129706158451574447e+04
1.876533559083392538e+04
3.728971468717144489e+03
4.363996028803983791e+03
1.892665494222980124e+04
3.358061020480074512e+04
3.550093264481358801e+03
6.117859427424293244e+03
2.887086821099776716e+04
4.316755221221986722e+04
6.578975063935952494e+04
3.918626924475506257e+03
1.831591140576807084e+04
2.128477364150878930e+04
2.296794319488167821e+04
5.296987452833050156e+03
1.809615695418751420e+04
1.548583628668727470e+05
2.238400836087016796e+04
7.135986224354940350e+04
7.705840147995771258e+04
8.018675003979513349e+03
1.626123065695747573e+04
1.642627220442361795e+04
3.263555876422741221e+03
7.517470085278240731e+04
6.601676352390109969e+03
2.064773049539731073e+04
2.420798766630038517e+04
