1.790734561863970839e+03
1.347496563337154512e+05
2.859020583261550200e+04
4.427168460349914312e+03
3.403257143676969918e+03
2.334904514718034625e+04
4.455871063033500104e+04
7.071431684010312892e+03
6.552854464850226577e+03
3.785526803699348238e+04
8.999374509181159374e+04
7.412227799924662395e+04
4.999934102099729935e+05
2.703975643472373486e+04
1.469303602300599778e+04
3.434801525645551010e+04
1.940410006979192258e+04
1.633023051583332744e+04
3.482538145831893053e+04
2.408774927930809645e+04
9.428205595706713211e+04
3.006924482079820882e+04
4.596746721989538855e+03
4.314486017798683861e+03
2.134454105485385298e+04
3.099170570144023714e+03
7.338451070872478886e+04
6.209590818789670266e+03
2.729895604639714293e+04
2.170182902772196394e+04
