5.570045617374269568e+03
4.419335567800421995e+04
2.203238029183722756e+04
2.577232148005164618e+03
9.191569727973183035e+03
2.587087265450760606e+04
5.951629288637034915e+04
8.297126691982632110e+03
5.270732033174061144e+03
6.189269473255934281e+04
7.561382556959106296e+04
2.592673469797722646e+04
6.157976310942364762e+03
6.188077491226109851e+04
1.233935355514900584e+04
2.203314462301465392e+04
8.687741067313352687e+03
2.184455287336897891e+04
1.823864264954186183e+03
1.693279608751147680e+04
8.464617266923224088e+04
4.954374279423379630e+04
8.183270423771882633e+03
1.211290490368421888e+04
1.826134690582283292e+04
5.179791340861995195e+03
9.864956828997674165e+04
5.585551099218322634e+03
1.275235162520290760e+04
1.669029022783895198e+04
