9.982829582379829647e-01
1.031979270528647907e+00
1.046242661898473258e+00
1.003894091979716130e+00
1.022671424784864724e+00
1.015263676046730845e+00
1.020576777969485205e+00
1.007203024929897772e+00
1.023696763970456169e+00
1.011886419972398032e+00
1.015927193386469085e+00
1.014205291538501807e+00
1.014196864513516871e+00
1.012801350220486674e+00
1.018474022196612427e+00
1.004930284099822879e+00
1.012980154473681838e+00
1.011426358106198187e+00
1.006461017673466518e+00
1.011488849256467315e+00
1.005066041754032691e+00
1.007407177282144461e+00
1.009901715044007275e+00
1.004591067416694461e+00
1.006759705536722560e+00
1.003728637925456635e+00
1.005541199173277667e+00
1.011437651377185221e+00
1.003507776673548513e+00
1.005509122811558687e+00
1.003901011393677045e+00
1.003938971046085982e+00
9.987533527079404116e-01
1.000384594962760332e+00
1.005708169373065619e+00
1.002059312489113063e+00
1.004438261375703023e+00
1.004902452750057629e+00
1.006452516931981789e+00
1.002522427825662810e+00
1.003417164714893728e+00
1.002327637193431098e+00
1.003905405331821710e+00
1.000522385879561549e+00
1.001768621743615917e+00
1.005062346714648447e+00
1.003915280621602291e+00
1.004172424258979568e+00
1.004087148510474314e+00
1.004884373578982082e+00
