1.031992322048603139e+00
1.040983143832264535e+00
1.017244751446532369e+00
1.033018652091899803e+00
1.022998995645070464e+00
1.020723783736740442e+00
1.022618023974819490e+00
1.024007024806095068e+00
1.014383548148027003e+00
1.022623018299807285e+00
1.015701162142151448e+00
1.007422636796582838e+00
1.011526887292532262e+00
1.017563262857200890e+00
1.013660938850103443e+00
1.015236099815804538e+00
1.011756114569559495e+00
1.016887918615793973e+00
1.007180989961842021e+00
1.008655097127479694e+00
1.008712856255076007e+00
1.009487778284477999e+00
1.007268690419744539e+00
1.009721444039419769e+00
1.007144375746912068e+00
1.004813744004004583e+00
1.003559646994838017e+00
1.006715594034932160e+00
1.006920516821698586e+00
1.009327050853507046e+00
1.003448348492537390e+00
1.002023546279233512e+00
1.007864470365288811e+00
1.006067950687913326e+00
1.004533545830197161e+00
1.002896847286846249e+00
1.004743901586255150e+00
1.006187928933046871e+00
1.003847740174539815e+00
1.004392906719837164e+00
1.003925400385791145e+00
1.003049046520875454e+00
1.001554736682892743e+00
1.003094422975000288e+00
1.004548436300168213e+00
1.005470118343480213e+00
1.008349159862872879e+00
1.007940944651522619e+00
1.002621205709048446e+00
1.005078318107051727e+00
