6.473734535045017058e-01
7.134510232523988416e-01
7.436127410618291744e-01
7.051335289500633152e-01
6.285693430874963461e-01
6.288781064051613967e-01
6.236513906678933239e-01
6.262434148871152129e-01
6.190523709648995121e-01
5.654792619706285883e-01
5.956472353406244702e-01
6.072171142946090061e-01
6.001997908757252809e-01
5.968399040847859327e-01
5.939359050300685450e-01
5.708353264201962984e-01
5.890249716423899828e-01
5.563044011640605468e-01
5.724539335307876620e-01
5.721838820559842498e-01
5.858299881478886695e-01
5.418265153608271545e-01
5.710916412245107265e-01
5.444371827544541853e-01
5.541116606587904725e-01
5.446386833792359328e-01
5.407704183639173712e-01
5.337648229266256372e-01
5.343834601758614689e-01
5.380668212103514314e-01
5.294295188719867484e-01
5.419566028192869256e-01
5.314217455267424839e-01
5.348696844547685680e-01
5.250543051225636804e-01
5.543864721735408674e-01
5.215363101829447734e-01
5.145865070170265732e-01
5.212530004266474615e-01
5.232566850937835357e-01
5.359395906026587220e-01
5.170052320154848724e-01
5.188270356856191645e-01
5.206321028528920758e-01
5.060038559038072536e-01
5.230700614890479994e-01
5.017567473741698647e-01
5.174013277759516027e-01
5.283855025385839621e-01
5.190048999152465647e-01
