5.000000000000000000e+00
2.506024096385542066e+01
4.512048192771084132e+01
6.518072289156626198e+01
8.524096385542168264e+01
1.053012048192771033e+02
1.253614457831325240e+02
1.454216867469879446e+02
1.654819277108433653e+02
1.855421686746987859e+02
2.056024096385542066e+02
2.256626506024096273e+02
2.457228915662650479e+02
2.657831325301204970e+02
2.858433734939758892e+02
3.059036144578312815e+02
3.259638554216867306e+02
3.460240963855421796e+02
3.660843373493975719e+02
3.861445783132529641e+02
4.062048192771084132e+02
4.262650602409638623e+02
4.463253012048192545e+02
4.663855421686746467e+02
4.864457831325300958e+02
5.065060240963855449e+02
5.265662650602409940e+02
5.466265060240963294e+02
5.666867469879517785e+02
5.867469879518072275e+02
6.068072289156625629e+02
6.268674698795180120e+02
6.469277108433734611e+02
6.669879518072289102e+02
6.870481927710843593e+02
7.071084337349396947e+02
7.271686746987951437e+02
7.472289156626505928e+02
7.672891566265059282e+02
7.873493975903613773e+02
8.074096385542168264e+02
8.274698795180722755e+02
8.475301204819277245e+02
8.675903614457830599e+02
8.876506024096385090e+02
9.077108433734939581e+02
9.277710843373492935e+02
9.478313253012047426e+02
9.678915662650601917e+02
9.879518072289156407e+02
1.008012048192771090e+03
1.028072289156626539e+03
1.048132530120481988e+03
1.068192771084337210e+03
1.088253012048192659e+03
1.108313253012048108e+03
1.128373493975903557e+03
1.148433734939759006e+03
1.168493975903614455e+03
1.188554216867469904e+03
1.208614457831325126e+03
1.228674698795180575e+03
1.248734939759036024e+03
1.268795180722891473e+03
1.288855421686746922e+03
1.308915662650602371e+03
1.328975903614457820e+03
1.349036144578313269e+03
1.369096385542168719e+03
1.389156626506023940e+03
1.409216867469879389e+03
1.429277108433734838e+03
1.449337349397590287e+03
1.469397590361445737e+03
1.489457831325301186e+03
1.509518072289156635e+03
1.529578313253011856e+03
1.549638554216867306e+03
1.569698795180722755e+03
1.589759036144578204e+03
1.609819277108433653e+03
1.629879518072289102e+03
1.649939759036144551e+03
1.670000000000000000e+03
1.690060240963855449e+03
1.710120481927710671e+03
1.730180722891566120e+03
1.750240963855421569e+03
1.770301204819277018e+03
1.790361445783132467e+03
1.810421686746987916e+03
1.830481927710843365e+03
1.850542168674698587e+03
1.870602409638554036e+03
1.890662650602409485e+03
1.910722891566264934e+03
1.930783132530120383e+03
1.950843373493975832e+03
1.970903614457831281e+03
1.990963855421686731e+03
2.011024096385542180e+03
2.031084337349397401e+03
2.051144578313253078e+03
2.071204819277108527e+03
2.091265060240963976e+03
2.111325301204818970e+03
2.131385542168674419e+03
2.151445783132529868e+03
2.171506024096385318e+03
2.191566265060240767e+03
2.211626506024096216e+03
2.231686746987951665e+03
2.251746987951807114e+03
2.271807228915662563e+03
2.291867469879518012e+03
2.311927710843373461e+03
2.331987951807228910e+03
2.352048192771084359e+03
2.372108433734939808e+03
2.392168674698795257e+03
2.412228915662650252e+03
2.432289156626505701e+03
2.452349397590361150e+03
2.472409638554216599e+03
2.492469879518072048e+03
2.512530120481927497e+03
2.532590361445782946e+03
2.552650602409638395e+03
2.572710843373493844e+03
2.592771084337349293e+03
2.612831325301204743e+03
2.632891566265060192e+03
2.652951807228915641e+03
2.673012048192771090e+03
2.693072289156626539e+03
2.713132530120481988e+03
2.733192771084337437e+03
2.753253012048192431e+03
2.773313253012047880e+03
2.793373493975903330e+03
2.813433734939758779e+03
2.833493975903614228e+03
2.853554216867469677e+03
2.873614457831325126e+03
2.893674698795180575e+03
2.913734939759036024e+03
2.933795180722891473e+03
2.953855421686746922e+03
2.973915662650602371e+03
2.993975903614457820e+03
3.014036144578313269e+03
3.034096385542168719e+03
3.054156626506023713e+03
3.074216867469879162e+03
3.094277108433734611e+03
3.114337349397590060e+03
3.134397590361445509e+03
3.154457831325300958e+03
3.174518072289156407e+03
3.194578313253011856e+03
3.214638554216867306e+03
3.234698795180722755e+03
3.254759036144578204e+03
3.274819277108433653e+03
3.294879518072289102e+03
3.314939759036144551e+03
3.335000000000000000e+03
3.355060240963855449e+03
3.375120481927710898e+03
3.395180722891565892e+03
3.415240963855421342e+03
3.435301204819276791e+03
3.455361445783132240e+03
3.475421686746987689e+03
3.495481927710843138e+03
3.515542168674698587e+03
3.535602409638554036e+03
3.555662650602409485e+03
3.575722891566264934e+03
3.595783132530120383e+03
3.615843373493975832e+03
3.635903614457831281e+03
3.655963855421686731e+03
3.676024096385542180e+03
3.696084337349397174e+03
3.716144578313252623e+03
3.736204819277108072e+03
3.756265060240963521e+03
3.776325301204818970e+03
3.796385542168674419e+03
3.816445783132529868e+03
3.836506024096385318e+03
3.856566265060240767e+03
3.876626506024096216e+03
3.896686746987951665e+03
3.916746987951807114e+03
3.936807228915662563e+03
3.956867469879518012e+03
3.976927710843373461e+03
3.996987951807228910e+03
4.017048192771084359e+03
4.037108433734939354e+03
4.057168674698794803e+03
4.077228915662650252e+03
4.097289156626506156e+03
4.117349397590361150e+03
4.137409638554217054e+03
4.157469879518072048e+03
4.177530120481927952e+03
4.197590361445782946e+03
4.217650602409637941e+03
4.237710843373493844e+03
4.257771084337348839e+03
4.277831325301204743e+03
4.297891566265059737e+03
4.317951807228915641e+03
4.338012048192770635e+03
4.358072289156626539e+03
4.378132530120481533e+03
4.398192771084337437e+03
4.418253012048192431e+03
4.438313253012048335e+03
4.458373493975903330e+03
4.478433734939759233e+03
4.498493975903614228e+03
4.518554216867469222e+03
4.538614457831325126e+03
4.558674698795180120e+03
4.578734939759036024e+03
4.598795180722891018e+03
4.618855421686746922e+03
4.638915662650601917e+03
4.658975903614457820e+03
4.679036144578312815e+03
4.699096385542168719e+03
4.719156626506023713e+03
4.739216867469879617e+03
4.759277108433734611e+03
4.779337349397590515e+03
4.799397590361445509e+03
4.819457831325300504e+03
4.839518072289156407e+03
4.859578313253011402e+03
4.879638554216867306e+03
4.899698795180722300e+03
4.919759036144578204e+03
4.939819277108433198e+03
4.959879518072289102e+03
4.979939759036144096e+03
5.000000000000000000e+03
