0.000000000000000000e+00
1.439999999999999947e+00
1.077538461538461556e+00
1.049093107617895981e+00
9.713515335355578095e-01
9.514030412290327421e-01
9.324324324324324564e-01
9.392619000462137935e-01
1.007049273711193349e+00
1.024781531237772381e+00
1.033729628640128295e+00
9.961526381909547867e-01
9.361718450326045327e-01
9.260809932866527205e-01
9.483712354025813918e-01
1.012669063516521195e+00
1.031085537856992529e+00
1.017200272479564127e+00
1.002079190019887989e+00
9.515422013230254716e-01
9.401439076460820221e-01
9.406171665658225045e-01
1.010330940290667057e+00
1.043753865182436513e+00
1.022421894320336255e+00
9.951029291738460181e-01
9.332155477031801594e-01
9.217841997801162757e-01
9.539616346955795967e-01
1.004873803307223756e+00
1.022852930335422128e+00
1.034934860177578519e+00
9.903970931741500339e-01
9.400131839156229407e-01
9.237835379718053463e-01
9.583784759841097456e-01
1.021665823638509440e+00
1.033696991025866652e+00
1.026131511528608042e+00
9.830223880597015462e-01
9.356863458564541602e-01
9.283050531418981510e-01
9.779687891179170700e-01
1.009208414294162415e+00
1.056702475478748182e+00
1.011500807907993460e+00
9.769188496061549376e-01
9.548629768941429008e-01
9.081689101973077216e-01
9.799863154293534384e-01
9.984062333982646198e-01
1.036165163739914519e+00
1.026013986013986079e+00
9.722700325109964181e-01
9.409994528542768855e-01
9.195456696639848770e-01
9.836809494720306635e-01
1.033662112026060953e+00
1.036060894386298781e+00
1.035149889857293282e+00
9.506421314931953193e-01
9.288772134656547719e-01
9.170934389796115971e-01
1.001289015744406541e+00
1.038251366120218622e+00
1.052667984189723294e+00
1.036790213620595313e+00
9.804479878511769275e-01
9.237557009716438339e-01
9.310784313725489758e-01
1.010597586105387080e+00
1.008032517177973375e+00
1.038636134369010477e+00
1.055952151263746863e+00
9.839801659197101591e-01
9.611850934241766842e-01
9.291069564392141489e-01
9.965870307167234987e-01
1.052061758614196929e+00
1.026320920257360214e+00
9.845052466411690073e-01
9.638752052545156435e-01
9.357974683544303396e-01
9.304095323921097727e-01
9.982873262139835280e-01
1.013888888888888840e+00
1.052155347702318000e+00
9.887119532352348639e-01
9.466732380482996145e-01
9.599539941447092772e-01
9.485278763833785431e-01
9.869716558925907268e-01
1.021653543307086576e+00
1.048235774015908728e+00
1.014892553723138358e+00
9.721090567220307399e-01
9.206944170447820541e-01
9.521362353889560870e-01
9.832930545339918504e-01
1.032025620496397122e+00
1.068481497235219013e+00
1.016508000810208534e+00
9.481203769378863111e-01
9.288995614950928958e-01
9.718381455876372588e-01
1.007580477673935659e+00
1.068267878394460579e+00
1.048606811145510909e+00
9.902681660899653737e-01
9.545590732048336857e-01
9.567448680351906543e-01
9.463829787234042668e-01
9.711206019930852529e-01
1.018460900228168375e+00
1.038089019479812913e+00
1.020246384574183152e+00
9.620266898123033261e-01
9.438388871587252149e-01
9.422442244224422669e-01
1.005109571931418255e+00
1.019778643164582999e+00
1.028760825403613799e+00
9.998891475446181065e-01
9.500908410815431804e-01
9.466298342541435984e-01
9.641634574240479649e-01
9.802511538048728212e-01
1.029729428794120993e+00
1.040029417944946522e+00
9.976180164573408282e-01
9.939549983208328943e-01
9.180826515628277562e-01
9.434517324035737174e-01
1.017040457343887372e+00
1.048858204992034082e+00
1.079372147389513481e+00
9.715584690209346785e-01
9.221883860128110566e-01
9.433836589698045838e-01
9.817753001715265881e-01
9.950875694147800488e-01
1.050056369785794752e+00
1.009808292465448121e+00
9.898328061455038407e-01
9.284733348592355551e-01
9.346449570330167544e-01
9.749103942652329602e-01
9.915779623347760197e-01
1.052183526810392511e+00
1.030303030303030276e+00
9.895679782288241411e-01
9.413079932923420490e-01
9.405626134301270369e-01
9.518019973947026147e-01
1.027783902976846742e+00
1.043517474633596454e+00
1.013907432131731179e+00
9.861603188662533270e-01
9.231900452488688291e-01
9.262790697674418983e-01
9.775878003696857332e-01
9.953178040500995083e-01
1.011968680089485373e+00
1.006467439785905471e+00
9.736289381563594247e-01
9.256116376460216122e-01
9.443939049351830484e-01
1.010427409189870618e+00
1.033467048710601688e+00
1.054767669779776318e+00
1.041292429721217827e+00
9.587223034529299692e-01
8.996460783194428767e-01
9.525725432821262606e-01
9.864124229276090006e-01
1.029284291905821824e+00
1.030260707635009210e+00
1.010932105868814768e+00
9.498354329815004160e-01
9.111186211557958936e-01
9.367045454545454009e-01
9.831025580849566126e-01
1.062058714232627210e+00
1.042070078377132392e+00
1.028975181094881952e+00
9.584130019120459254e-01
9.285467327417310512e-01
9.685950413223139988e-01
9.865902578796561517e-01
1.025471039776692184e+00
1.036871912278587882e+00
1.016185529653339747e+00
9.606078316773816184e-01
9.088474970896390781e-01
9.791614361034396419e-01
9.919232119864216379e-01
1.045699246321330378e+00
1.033364884051112265e+00
1.010516252390057268e+00
9.660707770886537427e-01
9.190158259149356912e-01
9.802560727533804474e-01
1.002203409486257746e+00
1.044752714113389658e+00
1.015700058582308163e+00
1.004843787842092606e+00
9.502870404299499363e-01
9.363901727073704606e-01
9.676566069496213007e-01
1.015359841446797917e+00
1.047149643705463262e+00
1.022633502298714969e+00
9.882002383790225997e-01
9.459459459459459429e-01
9.066359893436667372e-01
9.710035300050429141e-01
9.902662132051132104e-01
1.048123781676413291e+00
1.038387715930902067e+00
9.457710857546171024e-01
9.853695135675878403e-01
9.179783571077225757e-01
9.501070933602117075e-01
1.012684473716306766e+00
1.028971393791844102e+00
1.031487513572204140e+00
9.696969696969697239e-01
9.511858451499560774e-01
9.629057187017001640e-01
9.839839839839840119e-01
1.034838870225208485e+00
1.005806919912896280e+00
1.029411764705882248e+00
9.957790192427063980e-01
9.625999484137219842e-01
9.347742678091827129e-01
9.492441931915939213e-01
1.022098044196088296e+00
1.051678971183615197e+00
1.005128205128205110e+00
9.635790800252047594e-01
9.298245614035087758e-01
9.342221104263614961e-01
9.851963367206122424e-01
1.012012748222603564e+00
1.050795216372827134e+00
1.015629070070330764e+00
9.767693138843868139e-01
9.492423127850522224e-01
8.989764973464745568e-01
