1.101420712482174658e+00
1.000247239231699670e+00
9.794939670501198181e-01
9.495959474361025388e-01
9.689336141769873123e-01
9.496456446906718085e-01
1.002100432459241519e+00
1.066186220817525898e+00
1.054447569852711597e+00
1.078680829497067117e+00
1.059037920027481983e+00
1.011346528115756760e+00
9.884129130575928235e-01
9.135508872387548829e-01
9.304758523561208472e-01
9.822922714267930955e-01
1.003405061262386155e+00
1.039236580518510422e+00
1.067804894620233647e+00
1.052596975152530590e+00
1.036619202871569057e+00
9.954474599073345198e-01
9.416947933032530083e-01
9.597361864040305779e-01
9.664962992284853449e-01
1.023186121608753441e+00
1.054412526471954825e+00
1.072979254115382863e+00
1.047052266362818118e+00
1.011448895840963980e+00
9.729458354736786330e-01
9.376178434010509211e-01
9.368138907394836234e-01
9.966106346243728265e-01
1.019148197579332837e+00
1.060966414640222455e+00
1.091712356966273667e+00
1.025873227748337557e+00
9.872770941230494257e-01
9.637526352707947996e-01
9.399403466331556212e-01
9.597277066517766464e-01
1.027699491796950193e+00
1.061966724133574180e+00
1.054662038120270706e+00
1.065686433282018619e+00
1.002478434840064381e+00
9.612018271394683344e-01
9.483783030612206177e-01
9.782314479495533011e-01
9.897942344280523663e-01
1.064118887968404481e+00
1.085507643595960525e+00
1.073048756214162847e+00
1.016820403292514552e+00
9.593066217545880292e-01
9.334609928605622775e-01
9.674601135199250024e-01
1.003221304377979850e+00
1.020490512915593451e+00
1.098860939964821704e+00
1.058754711467318588e+00
1.012467605624822076e+00
9.996305047459421722e-01
9.298470305718737894e-01
9.528581644712336152e-01
1.015367237635562025e+00
1.078847191160275276e+00
1.079952558599033718e+00
1.059397029218191122e+00
1.003933741986684502e+00
9.426494080988251367e-01
9.471741881582100842e-01
9.795131955616326325e-01
1.030975056728229866e+00
1.078957289064114367e+00
1.071266421487058418e+00
1.062198974302805077e+00
9.906964157479977162e-01
9.567301513145947123e-01
9.485181728491310915e-01
9.803727030036749612e-01
1.040317729372999045e+00
1.067687664738672604e+00
1.081402043972919280e+00
1.074286988985797109e+00
9.789687397562126803e-01
9.577310294851278938e-01
9.614378602862881928e-01
1.012233011641669123e+00
1.071790790193986265e+00
1.064296486417447341e+00
1.021236157175193782e+00
1.010025102283544918e+00
9.721685969577145148e-01
9.557852171775789163e-01
9.811978078024944372e-01
1.055627184132536645e+00
1.079766811879264932e+00
1.061348395622189189e+00
9.987151312370756706e-01
9.580912117179334331e-01
9.633463252901032225e-01
9.659354287221130209e-01
1.036618162404413734e+00
1.059490610202235450e+00
1.082205280084636234e+00
1.026960409864807078e+00
9.651493564372372047e-01
9.562687661191267008e-01
9.903246096212584559e-01
9.996786586262150776e-01
1.089478432824092957e+00
1.068691498407219775e+00
1.043232869879650693e+00
9.679568684867864148e-01
9.558126770517266779e-01
9.797630647275786808e-01
1.041567884103244523e+00
1.067817056260125463e+00
1.083926458678527549e+00
1.031458666692184556e+00
9.862081805481124341e-01
9.742046254193607036e-01
9.556172752361465905e-01
1.003926691787627723e+00
1.053602954061158448e+00
1.068832640393118982e+00
1.054813622950205421e+00
9.824759150755739689e-01
9.522358852812222718e-01
9.670797104720487702e-01
1.049253335453829372e+00
1.071848858399405247e+00
1.073143793989718153e+00
1.034844490692922614e+00
9.640250067475699680e-01
9.781499103055341093e-01
9.910922954527664475e-01
1.024716964657514495e+00
1.056053632749341498e+00
1.061940974340629840e+00
1.015377290829150070e+00
9.760005319568175741e-01
9.627776613229046543e-01
9.789643411172457288e-01
1.071449167637191557e+00
1.080572922139433789e+00
1.046221856767356462e+00
9.745708374401842455e-01
9.560710585857686850e-01
9.776698973590940422e-01
1.039691848600315494e+00
1.055842609320214232e+00
1.057175028852253673e+00
1.016062597160877212e+00
9.555640346990046385e-01
9.419062529266286621e-01
9.797650711397660750e-01
1.030997461056171627e+00
1.082243049947357871e+00
1.043863603849500610e+00
1.006347871137372563e+00
9.518326478715395389e-01
9.654332049357666756e-01
9.971945729892411903e-01
1.072886656840631447e+00
1.038008463370037493e+00
1.019387374331266471e+00
9.676256782452161698e-01
9.514106872579816132e-01
9.927394020038282640e-01
1.036178136851590326e+00
1.036516488777936562e+00
1.034596769525045090e+00
9.775135499879578083e-01
9.406254118712026324e-01
9.684481325491789416e-01
1.029741173598242243e+00
1.097181251311023287e+00
1.060328113674925632e+00
9.998862633355816154e-01
9.437439723565913541e-01
9.677310906423309822e-01
1.004889010320849208e+00
1.049747854414940784e+00
1.050359094671835081e+00
1.001873422591060159e+00
9.701167126476069047e-01
9.362633778799502871e-01
9.984509390737089651e-01
1.083908560038873814e+00
1.071837085411135870e+00
1.020072062270890312e+00
1.000233747449606803e+00
9.669590221100115013e-01
1.000329335439403389e+00
1.025907675452290002e+00
1.045658551190333796e+00
1.035678075529095299e+00
9.791727298419761194e-01
9.714672264971007110e-01
9.578344657654627170e-01
1.040801339059753694e+00
1.053272083029656692e+00
1.035952970657227246e+00
1.015732733698016199e+00
9.805936372425516634e-01
9.835671575269461231e-01
1.030424167453117157e+00
1.044545399413514541e+00
1.047761702479097057e+00
1.011826414640962790e+00
9.606000519901557455e-01
9.780734222043264703e-01
1.045318500806679873e+00
1.052584457780288307e+00
1.028808669655721708e+00
9.846405841108077928e-01
9.699399940530460951e-01
9.720406429281323035e-01
1.015450178938263281e+00
1.062392672886217193e+00
1.022113307895968326e+00
9.908296164179054566e-01
9.419108553201949174e-01
9.774414319597884981e-01
1.022532697974833260e+00
1.069341572589329603e+00
1.031948517068561610e+00
9.926333718848520116e-01
9.733319406941332019e-01
1.004337889295938924e+00
1.032882533620182119e+00
1.044756877529027461e+00
1.031899142783207823e+00
9.994280344191602827e-01
9.627296997372137843e-01
9.767656147584362625e-01
1.036010204829368231e+00
1.047571765764005569e+00
1.032121439643701954e+00
9.759918829008314978e-01
9.679598800651860735e-01
9.742886103028358669e-01
1.047607323457222517e+00
1.078521356663375119e+00
1.010988886357834460e+00
9.840925619013562997e-01
9.680528938500009284e-01
