9.567430025445292641e-01
1.041372351160444021e+00
9.560975609756097171e-01
9.127223394633705578e-01
9.114529914529914123e-01
9.546384945526575905e-01
9.820843639280700810e-01
9.299304921715930705e-01
9.301587301587301848e-01
9.735441915459651652e-01
9.558988974724368370e-01
9.145157649183535131e-01
9.345210902999847580e-01
9.768237082066869581e-01
9.520764369545591244e-01
9.208429518206865394e-01
9.659211927582534996e-01
9.960177668862000289e-01
9.368664281454979204e-01
9.051866286913505810e-01
9.662136512034014135e-01
9.930091185410334642e-01
9.606694560669456484e-01
9.235140186915887783e-01
9.507504336676974033e-01
9.797856980013678330e-01
9.125772581726114829e-01
9.195694423680669249e-01
9.747497725204731234e-01
9.625563909774436100e-01
9.355837486784474022e-01
9.327877547927558854e-01
9.987018937080024417e-01
9.601822799940236131e-01
9.325306678782371295e-01
9.385147324113048972e-01
9.733161992592033185e-01
9.520631998772818294e-01
9.151751567997552517e-01
9.422741409390882339e-01
9.726089246745428518e-01
9.579825501301086899e-01
9.090018094089263867e-01
9.501889644746787100e-01
9.794933655006031747e-01
9.355540550678970169e-01
8.915796489668962321e-01
9.666767417258576023e-01
9.526466596290151800e-01
9.405246494798733536e-01
9.243665889782722855e-01
9.955084023851932251e-01
9.599274156963556459e-01
9.286306428517597800e-01
9.478068164450558220e-01
9.688739700945987465e-01
9.427907325485491707e-01
9.348720292504570928e-01
9.260876110191178512e-01
1.006284428582512325e+00
9.387163868667359745e-01
9.285272755370113096e-01
9.447018609950627033e-01
9.858608893956670727e-01
9.395517319447589388e-01
9.170199878861295950e-01
9.480617807389460916e-01
9.732497707123204389e-01
9.440676674540882107e-01
9.381387426447816980e-01
9.629629629629629095e-01
1.003215680269504695e+00
9.458158671013817687e-01
9.212232136048196240e-01
9.621819848727939384e-01
9.814842805320435071e-01
9.165917266187050272e-01
9.346623209277646893e-01
9.563924677898909543e-01
9.603338693621257249e-01
9.163972633636568998e-01
9.698133497196405051e-01
9.765513081504938464e-01
9.568702290076336325e-01
9.168631626987144845e-01
9.482133209847958266e-01
9.846047794117647189e-01
9.302781337152332686e-01
9.044002680366316493e-01
9.448355011476664567e-01
9.708900205213955026e-01
9.455490975833588108e-01
9.266048068147246797e-01
9.591493268053855603e-01
9.802646676355848410e-01
9.360225712978496038e-01
9.303143884341773528e-01
9.691954022988505946e-01
9.861100393548885013e-01
9.277476514167876109e-01
9.361113246713308467e-01
9.708938120702826913e-01
9.533608711978971417e-01
9.262430524260176767e-01
9.199519411278817005e-01
9.783464566929134243e-01
9.725224539503729559e-01
9.325009458948164687e-01
9.468395213255600407e-01
9.860436425321921217e-01
9.647973178908869629e-01
9.094523630907727085e-01
9.587897357334355108e-01
9.621004566210045184e-01
9.599877357044305226e-01
9.312432929633603917e-01
9.689493505495350156e-01
9.713380716934486570e-01
9.292829442627936753e-01
9.452655889145497037e-01
9.426462673944798754e-01
9.611136329247995658e-01
9.148376428141912209e-01
9.519445514054678537e-01
9.745208221076129274e-01
9.630560633759902567e-01
9.215494546822113886e-01
9.510137749574368859e-01
9.772850608574308318e-01
9.223189734188818045e-01
9.282908418701378839e-01
9.368269376611557675e-01
9.605074378917163314e-01
9.310689310689310716e-01
9.219728202779050585e-01
9.475695505961480025e-01
9.876096659996921323e-01
9.682392846130126740e-01
9.534414526266780099e-01
9.540711402239318017e-01
9.623475609756098059e-01
9.470421672916506939e-01
9.313018114829597627e-01
9.538062151637779484e-01
9.747648543243863095e-01
9.497307001795332049e-01
9.258321828501303585e-01
9.544009305932531495e-01
9.531569771848708017e-01
9.586350331227854182e-01
9.235051860890787223e-01
9.762351469668543169e-01
9.578114193498808993e-01
9.410406403940886344e-01
9.437265214124718193e-01
9.670977121432396961e-01
9.632460813836769553e-01
9.108066971080669427e-01
9.405985835046836163e-01
9.606190622126876688e-01
9.451937984496123768e-01
9.207725060827250951e-01
9.517748984129418277e-01
9.635748866518096811e-01
9.392182971723975760e-01
9.363140508565721554e-01
9.759386973180076419e-01
9.586428735544152424e-01
9.344098423683199206e-01
9.405027288800061891e-01
9.818927493616033120e-01
9.682369188276814809e-01
9.270954260506152345e-01
9.393168324466034669e-01
9.788505747126436951e-01
9.573637477036129884e-01
9.265834560818667631e-01
9.554998433093073729e-01
9.765762998233622483e-01
9.553489086996618251e-01
9.122261805502918097e-01
9.580769230769230482e-01
9.692115339532703100e-01
9.644979668439161991e-01
9.424600093182171623e-01
9.590588963702499914e-01
9.671580233712671060e-01
9.419049075064974685e-01
9.590202543570419680e-01
9.699984333385555102e-01
9.530263360542122753e-01
9.245484338083987952e-01
9.317589326790369775e-01
9.551370387383248950e-01
9.603100775193798011e-01
9.466718872357087200e-01
9.344439302791917035e-01
9.772185022704533708e-01
9.618050207916217786e-01
9.217902696097151072e-01
9.475497702909647657e-01
9.797501745674606077e-01
9.476282298495950496e-01
9.233601841196777960e-01
9.614051305754564014e-01
9.759370661730679686e-01
9.488859764089121462e-01
9.388806494418858728e-01
9.716545297940646364e-01
9.787447828103261749e-01
9.412804549996156567e-01
9.273747310175223246e-01
9.372152289752104792e-01
9.618129067670352361e-01
9.450940912258963822e-01
9.402996661749863927e-01
9.734513274336282773e-01
9.769872844995709515e-01
9.391154057663603227e-01
9.252984212552946008e-01
9.758821248545948013e-01
9.540981085652775473e-01
9.297154408334629139e-01
9.550631923857075822e-01
9.734050730207532975e-01
9.748363177407903812e-01
9.188669078592871520e-01
9.543740863276141129e-01
9.763025858741798402e-01
9.292277317943655746e-01
9.442574179910748766e-01
9.482876973533673759e-01
9.626275803852352153e-01
9.473108192620387502e-01
9.439557873433486179e-01
9.684462274340379651e-01
9.701213818860877636e-01
9.332863518910030631e-01
9.399874154475381660e-01
9.539141903949104329e-01
9.571780653111522374e-01
9.434983912736404355e-01
9.287760315862816363e-01
9.343122102009273622e-01
9.580800000000000427e-01
9.175266108718614921e-01
9.343111111111110922e-01
9.853599912596963106e-01
9.908868999186329907e-01
9.063565891472867841e-01
