2.000000000000000000e+04
2.002008032128513878e+04
2.004016064257028120e+04
2.006024096385541998e+04
2.008032128514056240e+04
2.010040160642570117e+04
2.012048192771084359e+04
2.014056224899598237e+04
2.016064257028112479e+04
2.018072289156626357e+04
2.020080321285140599e+04
2.022088353413654477e+04
2.024096385542168719e+04
2.026104417670682597e+04
2.028112449799196838e+04
2.030120481927710716e+04
2.032128514056224958e+04
2.034136546184738836e+04
2.036144578313253078e+04
2.038152610441766956e+04
2.040160642570281198e+04
2.042168674698795076e+04
2.044176706827309317e+04
2.046184738955823195e+04
2.048192771084337437e+04
2.050200803212851315e+04
2.052208835341365557e+04
2.054216867469879435e+04
2.056224899598393677e+04
2.058232931726907555e+04
2.060240963855421796e+04
2.062248995983935674e+04
2.064257028112449916e+04
2.066265060240963794e+04
2.068273092369478036e+04
2.070281124497991914e+04
2.072289156626506156e+04
2.074297188755020034e+04
2.076305220883534275e+04
2.078313253012048153e+04
2.080321285140562395e+04
2.082329317269076273e+04
2.084337349397590515e+04
2.086345381526104393e+04
2.088353413654618635e+04
2.090361445783132513e+04
2.092369477911646754e+04
2.094377510040160632e+04
2.096385542168674874e+04
2.098393574297188752e+04
2.100401606425702630e+04
2.102409638554216872e+04
2.104417670682731114e+04
2.106425702811244992e+04
2.108433734939758870e+04
2.110441767068273111e+04
2.112449799196786989e+04
2.114457831325301231e+04
2.116465863453815109e+04
2.118473895582329351e+04
2.120481927710843229e+04
2.122489959839357471e+04
2.124497991967871349e+04
2.126506024096385590e+04
2.128514056224899468e+04
2.130522088353413710e+04
2.132530120481927588e+04
2.134538152610441830e+04
2.136546184738955708e+04
2.138554216867469950e+04
2.140562248995983828e+04
2.142570281124498069e+04
2.144578313253011947e+04
2.146586345381526189e+04
2.148594377510040067e+04
2.150602409638554309e+04
2.152610441767068187e+04
2.154618473895582429e+04
2.156626506024096307e+04
2.158634538152610548e+04
2.160642570281124426e+04
2.162650602409638668e+04
2.164658634538152546e+04
2.166666666666666788e+04
2.168674698795180666e+04
2.170682730923694908e+04
2.172690763052208786e+04
2.174698795180723027e+04
2.176706827309236905e+04
2.178714859437751147e+04
2.180722891566265025e+04
2.182730923694779267e+04
2.184738955823293145e+04
2.186746987951807387e+04
2.188755020080321265e+04
2.190763052208835506e+04
2.192771084337349384e+04
2.194779116465863626e+04
2.196787148594377504e+04
2.198795180722891746e+04
2.200803212851405624e+04
2.202811244979919866e+04
2.204819277108433744e+04
2.206827309236947622e+04
2.208835341365461863e+04
2.210843373493976105e+04
2.212851405622489983e+04
2.214859437751003861e+04
2.216867469879518103e+04
2.218875502008031981e+04
2.220883534136546223e+04
2.222891566265060101e+04
2.224899598393574342e+04
2.226907630522088220e+04
2.228915662650602462e+04
2.230923694779116340e+04
2.232931726907630582e+04
2.234939759036144460e+04
2.236947791164658702e+04
2.238955823293172580e+04
2.240963855421686822e+04
2.242971887550200699e+04
2.244979919678714941e+04
2.246987951807228819e+04
2.248995983935743061e+04
2.251004016064256939e+04
2.253012048192771181e+04
2.255020080321285059e+04
2.257028112449799301e+04
2.259036144578313178e+04
2.261044176706827420e+04
2.263052208835341298e+04
2.265060240963855540e+04
2.267068273092369418e+04
2.269076305220883660e+04
2.271084337349397538e+04
2.273092369477911780e+04
2.275100401606425658e+04
2.277108433734939899e+04
2.279116465863453777e+04
2.281124497991968019e+04
2.283132530120481897e+04
2.285140562248996139e+04
2.287148594377510017e+04
2.289156626506024259e+04
2.291164658634538137e+04
2.293172690763052378e+04
2.295180722891566256e+04
2.297188755020080134e+04
2.299196787148594376e+04
2.301204819277108618e+04
2.303212851405622496e+04
2.305220883534136374e+04
2.307228915662650616e+04
2.309236947791164857e+04
2.311244979919678735e+04
2.313253012048192613e+04
2.315261044176706855e+04
2.317269076305221097e+04
2.319277108433734975e+04
2.321285140562248853e+04
2.323293172690763095e+04
2.325301204819276973e+04
2.327309236947791214e+04
2.329317269076305092e+04
2.331325301204819334e+04
2.333333333333333212e+04
2.335341365461847454e+04
2.337349397590361332e+04
2.339357429718875574e+04
2.341365461847389452e+04
2.343373493975903693e+04
2.345381526104417571e+04
2.347389558232931813e+04
2.349397590361445691e+04
2.351405622489959933e+04
2.353413654618473811e+04
2.355421686746988053e+04
2.357429718875501931e+04
2.359437751004016172e+04
2.361445783132530050e+04
2.363453815261044292e+04
2.365461847389558170e+04
2.367469879518072412e+04
2.369477911646586290e+04
2.371485943775100532e+04
2.373493975903614410e+04
2.375502008032128651e+04
2.377510040160642529e+04
2.379518072289156771e+04
2.381526104417670649e+04
2.383534136546184891e+04
2.385542168674698769e+04
2.387550200803213011e+04
2.389558232931726889e+04
2.391566265060241130e+04
2.393574297188755008e+04
2.395582329317269250e+04
2.397590361445783128e+04
2.399598393574297370e+04
2.401606425702811248e+04
2.403614457831325126e+04
2.405622489959839368e+04
2.407630522088353609e+04
2.409638554216867487e+04
2.411646586345381365e+04
2.413654618473895607e+04
2.415662650602409849e+04
2.417670682730923727e+04
2.419678714859437605e+04
2.421686746987951847e+04
2.423694779116466088e+04
2.425702811244979966e+04
2.427710843373493844e+04
2.429718875502008086e+04
2.431726907630522328e+04
2.433734939759036206e+04
2.435742971887550084e+04
2.437751004016064326e+04
2.439759036144578204e+04
2.441767068273092445e+04
2.443775100401606323e+04
2.445783132530120565e+04
2.447791164658634443e+04
2.449799196787148685e+04
2.451807228915662563e+04
2.453815261044176805e+04
2.455823293172690683e+04
2.457831325301204924e+04
2.459839357429718802e+04
2.461847389558233044e+04
2.463855421686746922e+04
2.465863453815261164e+04
2.467871485943775042e+04
2.469879518072289284e+04
2.471887550200803162e+04
2.473895582329317403e+04
2.475903614457831281e+04
2.477911646586345523e+04
2.479919678714859401e+04
2.481927710843373643e+04
2.483935742971887521e+04
2.485943775100401763e+04
2.487951807228915641e+04
2.489959839357429883e+04
2.491967871485943760e+04
2.493975903614457638e+04
2.495983935742971880e+04
2.497991967871486122e+04
2.500000000000000000e+04
