9.780355473099785479e-01
9.820696879864856399e-01
1.011674082958486931e+00
9.944483873607561364e-01
9.990880499160347261e-01
9.783876729638145697e-01
9.966990874277589230e-01
9.828360531002418021e-01
9.813948667597646169e-01
9.918759076497624116e-01
9.759646454436888829e-01
9.712069789755900517e-01
9.920988554945311400e-01
1.005365554564127351e+00
9.971558542113694301e-01
9.860429646400501458e-01
9.739482034628673679e-01
9.961164453314552691e-01
1.001660656862145116e+00
9.867620647659759436e-01
1.010695822529262600e+00
1.002240738322665026e+00
1.010515141495402558e+00
9.691997078659321252e-01
9.522072870974429559e-01
1.012133053960450724e+00
9.947826252854740092e-01
9.753301997078481778e-01
9.712254655652733382e-01
9.964250553858713388e-01
1.013763408183655068e+00
9.846627166803848530e-01
9.852151472208757754e-01
9.969484383152643625e-01
1.004067000439061719e+00
9.519917958613193232e-01
9.709833850762531471e-01
1.012909228550580520e+00
1.014692095568724195e+00
9.804922734841673426e-01
9.687668748397568752e-01
9.711384186732531232e-01
9.705557497470608252e-01
9.708476394850588109e-01
1.011837480465261230e+00
1.001228861776024992e+00
9.954759469533139837e-01
9.774628780894532021e-01
9.803879272271109890e-01
9.903534644877018955e-01
9.830189816306099670e-01
9.765945672179774384e-01
9.847312008665594085e-01
1.002464979123883104e+00
1.005664964562800634e+00
9.666344662133654619e-01
9.851775782995494390e-01
1.014303018453224459e+00
9.940409827659562048e-01
9.940564705240070298e-01
9.920492464036319014e-01
9.701062899669046224e-01
1.002871003123715576e+00
9.621933241066066289e-01
9.726480960362864359e-01
9.948592227945738387e-01
9.946821404563123137e-01
9.792313281340522257e-01
9.988883946297562044e-01
1.001478942882741308e+00
9.822277748930617891e-01
9.898633321070252622e-01
9.824614623271713532e-01
9.858560296272050882e-01
9.960272050437269931e-01
9.829402862650039596e-01
9.837398315362138046e-01
9.920836046210002035e-01
9.898581947831419647e-01
9.746504317213909863e-01
1.022910589730845032e+00
9.980343375315078314e-01
9.718993607082169195e-01
9.871003634506974045e-01
1.019090889368851949e+00
9.881185483553320825e-01
9.744079521196797877e-01
9.667055971479007193e-01
9.878466004434379721e-01
9.688131328176735613e-01
9.785683707960097788e-01
9.883704648188708086e-01
9.713525805897130772e-01
9.954683098609462544e-01
1.005823246500760382e+00
1.012660520539695241e+00
9.920813582190690649e-01
9.746635874390690013e-01
9.915045521706080667e-01
9.752812986976349130e-01
9.863575669021756864e-01
9.850616106889941159e-01
9.789297941555702431e-01
9.687045676099834690e-01
9.813663119480946495e-01
9.966987045927503397e-01
9.865400068967380420e-01
1.007276200995467441e+00
1.003581614208427952e+00
1.022915331309152576e+00
9.781460656366348649e-01
9.828020284763328007e-01
9.954080570935768257e-01
9.856398584626133719e-01
1.009107053967084111e+00
9.941678672075230372e-01
9.871389959085572485e-01
9.985638713395798005e-01
9.977028432415668835e-01
9.930712802854892995e-01
9.822521812446267653e-01
9.956184149737451472e-01
9.731453128380170847e-01
9.962261788345951885e-01
9.731889687043424608e-01
9.937763373579957538e-01
1.012338381516355135e+00
9.945954384210389243e-01
1.006388506589943166e+00
9.988956739310089761e-01
9.817528719072780019e-01
9.954531983899761460e-01
9.717237052726171997e-01
9.787983337370212977e-01
9.760571519760398163e-01
9.750392539022081362e-01
1.012472385200287261e+00
1.014812651524463760e+00
1.011257789619839365e+00
9.667054411839273165e-01
9.909399368998095259e-01
9.858809964403733028e-01
9.732682844099507236e-01
1.002497965828674786e+00
9.874948365053265453e-01
9.886321145442511504e-01
1.001309330647295992e+00
9.862390188056840978e-01
1.004888808437452541e+00
9.923102941290050660e-01
9.812910944444901418e-01
1.007232854634291019e+00
1.006121383802021985e+00
9.791975898219836827e-01
9.933988877213452140e-01
9.985080508111845443e-01
9.926849612296664294e-01
9.702175491425900633e-01
9.873694735332221306e-01
9.674644110281321874e-01
9.861841068054975068e-01
9.874194591572219570e-01
9.906728612429686054e-01
9.765040393651704953e-01
9.806847440611232702e-01
9.630403977814580019e-01
9.822271283731537350e-01
1.001337982156294437e+00
1.013008425927356182e+00
9.983139451433710176e-01
1.013843953382634222e+00
9.844283581756779755e-01
9.992232890734307205e-01
9.927068429065081245e-01
9.939035604829307147e-01
9.977274085332967779e-01
9.694410855754245215e-01
1.009390667056446089e+00
9.937156719912736413e-01
1.000191732326171978e+00
9.884600708984216944e-01
9.658685667058012347e-01
9.954704954212323376e-01
9.968628504791998690e-01
9.999125639116237529e-01
1.002829903392548738e+00
1.003770888206853673e+00
1.008474508895647714e+00
9.953315602673141749e-01
1.001890520544082674e+00
9.772442603557468521e-01
9.724677636311787055e-01
9.725273939882048690e-01
9.909606108205826214e-01
1.013187071830315311e+00
9.978628878994364459e-01
9.791778901705526783e-01
9.941823875414461664e-01
1.013143571671063947e+00
9.859139442078104221e-01
9.911469712672925647e-01
9.873637205127409056e-01
9.940728217204554129e-01
9.940191137374758679e-01
9.673593834509388589e-01
9.912021120968913523e-01
1.004670104198579716e+00
9.951319745150751794e-01
1.024985684181870749e+00
9.894017991034278481e-01
1.003420187158451160e+00
9.836145687020857453e-01
9.715968011906910284e-01
9.855680896480387698e-01
9.901055032727829053e-01
9.891721073238347595e-01
1.004936039374831003e+00
9.904172278552555442e-01
1.009361607401662031e+00
1.002767879733639678e+00
9.958504232269843603e-01
9.927159681200776742e-01
1.005958456699276082e+00
9.773571369028725142e-01
9.788025160933020441e-01
9.989397113613900370e-01
1.007216310381056745e+00
9.927460962321391635e-01
9.900355393553317285e-01
9.854642251583616286e-01
9.901888789445942862e-01
9.885567065637624884e-01
9.981484021475238722e-01
9.804986731512375098e-01
9.792521773698502630e-01
9.959321475933681223e-01
9.841244506314797968e-01
9.729236066248879711e-01
9.917052055748498685e-01
1.004234726378815834e+00
9.914035256926486683e-01
9.990020711983089718e-01
9.741501308402663595e-01
9.877874930372921858e-01
9.601629553808538331e-01
9.670053689685412790e-01
9.664641942981377909e-01
9.821584099107332211e-01
1.017036045996937199e+00
9.891840279317773987e-01
