2.500000000000000000e+04
2.502008032128513878e+04
2.504016064257028120e+04
2.506024096385541998e+04
2.508032128514056240e+04
2.510040160642570117e+04
2.512048192771084359e+04
2.514056224899598237e+04
2.516064257028112479e+04
2.518072289156626357e+04
2.520080321285140599e+04
2.522088353413654477e+04
2.524096385542168719e+04
2.526104417670682597e+04
2.528112449799196838e+04
2.530120481927710716e+04
2.532128514056224958e+04
2.534136546184738836e+04
2.536144578313253078e+04
2.538152610441766956e+04
2.540160642570281198e+04
2.542168674698795076e+04
2.544176706827309317e+04
2.546184738955823195e+04
2.548192771084337437e+04
2.550200803212851315e+04
2.552208835341365557e+04
2.554216867469879435e+04
2.556224899598393677e+04
2.558232931726907555e+04
2.560240963855421796e+04
2.562248995983935674e+04
2.564257028112449916e+04
2.566265060240963794e+04
2.568273092369478036e+04
2.570281124497991914e+04
2.572289156626506156e+04
2.574297188755020034e+04
2.576305220883534275e+04
2.578313253012048153e+04
2.580321285140562395e+04
2.582329317269076273e+04
2.584337349397590515e+04
2.586345381526104393e+04
2.588353413654618635e+04
2.590361445783132513e+04
2.592369477911646754e+04
2.594377510040160632e+04
2.596385542168674874e+04
2.598393574297188752e+04
2.600401606425702630e+04
2.602409638554216872e+04
2.604417670682731114e+04
2.606425702811244992e+04
2.608433734939758870e+04
2.610441767068273111e+04
2.612449799196786989e+04
2.614457831325301231e+04
2.616465863453815109e+04
2.618473895582329351e+04
2.620481927710843229e+04
2.622489959839357471e+04
2.624497991967871349e+04
2.626506024096385590e+04
2.628514056224899468e+04
2.630522088353413710e+04
2.632530120481927588e+04
2.634538152610441830e+04
2.636546184738955708e+04
2.638554216867469950e+04
2.640562248995983828e+04
2.642570281124498069e+04
2.644578313253011947e+04
2.646586345381526189e+04
2.648594377510040067e+04
2.650602409638554309e+04
2.652610441767068187e+04
2.654618473895582429e+04
2.656626506024096307e+04
2.658634538152610548e+04
2.660642570281124426e+04
2.662650602409638668e+04
2.664658634538152546e+04
2.666666666666666788e+04
2.668674698795180666e+04
2.670682730923694908e+04
2.672690763052208786e+04
2.674698795180723027e+04
2.676706827309236905e+04
2.678714859437751147e+04
2.680722891566265025e+04
2.682730923694779267e+04
2.684738955823293145e+04
2.686746987951807387e+04
2.688755020080321265e+04
2.690763052208835506e+04
2.692771084337349384e+04
2.694779116465863626e+04
2.696787148594377504e+04
2.698795180722891746e+04
2.700803212851405624e+04
2.702811244979919866e+04
2.704819277108433744e+04
2.706827309236947622e+04
2.708835341365461863e+04
2.710843373493976105e+04
2.712851405622489983e+04
2.714859437751003861e+04
2.716867469879518103e+04
2.718875502008031981e+04
2.720883534136546223e+04
2.722891566265060101e+04
2.724899598393574342e+04
2.726907630522088220e+04
2.728915662650602462e+04
2.730923694779116340e+04
2.732931726907630582e+04
2.734939759036144460e+04
2.736947791164658702e+04
2.738955823293172580e+04
2.740963855421686822e+04
2.742971887550200699e+04
2.744979919678714941e+04
2.746987951807228819e+04
2.748995983935743061e+04
2.751004016064256939e+04
2.753012048192771181e+04
2.755020080321285059e+04
2.757028112449799301e+04
2.759036144578313178e+04
2.761044176706827420e+04
2.763052208835341298e+04
2.765060240963855540e+04
2.767068273092369418e+04
2.769076305220883660e+04
2.771084337349397538e+04
2.773092369477911780e+04
2.775100401606425658e+04
2.777108433734939899e+04
2.779116465863453777e+04
2.781124497991968019e+04
2.783132530120481897e+04
2.785140562248996139e+04
2.787148594377510017e+04
2.789156626506024259e+04
2.791164658634538137e+04
2.793172690763052378e+04
2.795180722891566256e+04
2.797188755020080134e+04
2.799196787148594376e+04
2.801204819277108618e+04
2.803212851405622496e+04
2.805220883534136374e+04
2.807228915662650616e+04
2.809236947791164857e+04
2.811244979919678735e+04
2.813253012048192613e+04
2.815261044176706855e+04
2.817269076305221097e+04
2.819277108433734975e+04
2.821285140562248853e+04
2.823293172690763095e+04
2.825301204819276973e+04
2.827309236947791214e+04
2.829317269076305092e+04
2.831325301204819334e+04
2.833333333333333212e+04
2.835341365461847454e+04
2.837349397590361332e+04
2.839357429718875574e+04
2.841365461847389452e+04
2.843373493975903693e+04
2.845381526104417571e+04
2.847389558232931813e+04
2.849397590361445691e+04
2.851405622489959933e+04
2.853413654618473811e+04
2.855421686746988053e+04
2.857429718875501931e+04
2.859437751004016172e+04
2.861445783132530050e+04
2.863453815261044292e+04
2.865461847389558170e+04
2.867469879518072412e+04
2.869477911646586290e+04
2.871485943775100532e+04
2.873493975903614410e+04
2.875502008032128651e+04
2.877510040160642529e+04
2.879518072289156771e+04
2.881526104417670649e+04
2.883534136546184891e+04
2.885542168674698769e+04
2.887550200803213011e+04
2.889558232931726889e+04
2.891566265060241130e+04
2.893574297188755008e+04
2.895582329317269250e+04
2.897590361445783128e+04
2.899598393574297370e+04
2.901606425702811248e+04
2.903614457831325126e+04
2.905622489959839368e+04
2.907630522088353609e+04
2.909638554216867487e+04
2.911646586345381365e+04
2.913654618473895607e+04
2.915662650602409849e+04
2.917670682730923727e+04
2.919678714859437605e+04
2.921686746987951847e+04
2.923694779116466088e+04
2.925702811244979966e+04
2.927710843373493844e+04
2.929718875502008086e+04
2.931726907630522328e+04
2.933734939759036206e+04
2.935742971887550084e+04
2.937751004016064326e+04
2.939759036144578204e+04
2.941767068273092445e+04
2.943775100401606323e+04
2.945783132530120565e+04
2.947791164658634443e+04
2.949799196787148685e+04
2.951807228915662563e+04
2.953815261044176805e+04
2.955823293172690683e+04
2.957831325301204924e+04
2.959839357429718802e+04
2.961847389558233044e+04
2.963855421686746922e+04
2.965863453815261164e+04
2.967871485943775042e+04
2.969879518072289284e+04
2.971887550200803162e+04
2.973895582329317403e+04
2.975903614457831281e+04
2.977911646586345523e+04
2.979919678714859401e+04
2.981927710843373643e+04
2.983935742971887521e+04
2.985943775100401763e+04
2.987951807228915641e+04
2.989959839357429883e+04
2.991967871485943760e+04
2.993975903614457638e+04
2.995983935742971880e+04
2.997991967871486122e+04
3.000000000000000000e+04
