9.696132596685083094e-01
8.875255623721881593e-01
9.612913336467637793e-01
9.810704960835509025e-01
9.614554424915201514e-01
9.559399674522330859e-01
9.728100635523815320e-01
9.645150155333103159e-01
9.576809140922556418e-01
9.603146228101537840e-01
9.478010093727469165e-01
9.646468320360805926e-01
9.671501087744742708e-01
9.344763801935116465e-01
9.761463970378809751e-01
9.765364712554051030e-01
9.384518211804336874e-01
9.665537374756721922e-01
9.810779816513761631e-01
9.687678265830005353e-01
9.761579892280072279e-01
9.652432969215491987e-01
9.560071301247772269e-01
9.784230544177882072e-01
9.527007716490425437e-01
9.649633999005046148e-01
9.729904460886430462e-01
9.501484938481119524e-01
9.305614183199661937e-01
9.828882365576000479e-01
9.710900135627097418e-01
9.529024407701667254e-01
9.577424641915485148e-01
9.605114439107091950e-01
9.559600285510350126e-01
9.554016020783719920e-01
9.735113835376532077e-01
9.770911404935304079e-01
9.632923902301284702e-01
9.458773784355180014e-01
9.905797101449275166e-01
9.720259552992068786e-01
9.520067954979826164e-01
9.578103949514287230e-01
9.621040723981900689e-01
9.411640657950232081e-01
9.463202227139695388e-01
9.596849266022198233e-01
9.919629281007892319e-01
9.614909540071205907e-01
9.490849533575447250e-01
9.548158640226629412e-01
9.701046337817638143e-01
9.511789382323159181e-01
9.585323491098567406e-01
9.781839196705915951e-01
9.763885925609843142e-01
9.425270964061608359e-01
9.506716895301726700e-01
9.804005722460658045e-01
9.878501273190251064e-01
9.570122822050842748e-01
9.493473325766175197e-01
9.726318774815655432e-01
9.783741346085218504e-01
9.496099062343426045e-01
9.596264367816091934e-01
9.710165722074753925e-01
9.649761038590484175e-01
9.497170222028733511e-01
9.768264510539994561e-01
9.894636716177653835e-01
9.614185220102980933e-01
9.476940787106986619e-01
9.694869229669857980e-01
9.427706602843868300e-01
9.564780235564492861e-01
9.416866450430122493e-01
9.654923996830199195e-01
9.762662807525325226e-01
9.549640287769783908e-01
9.707568807339449490e-01
9.738824711200402273e-01
9.525401555345591742e-01
9.608238513610830589e-01
9.748395933962944460e-01
9.737600922722029484e-01
9.450053705692803563e-01
9.401903679499928890e-01
9.738942826321467239e-01
9.786049237983587279e-01
9.252034802133033420e-01
9.516209833249839045e-01
9.751279648186864657e-01
9.637393767705382253e-01
9.552130815425801114e-01
9.531171352556266907e-01
9.457540471456972186e-01
9.594749677234256646e-01
9.676493795280108889e-01
9.809468822170900326e-01
9.475684980634054844e-01
9.514710124026536375e-01
9.421210391093348679e-01
9.642679900744416388e-01
9.611190817790530305e-01
9.542853105348689802e-01
9.699258939492050313e-01
9.807885304659498260e-01
9.703736135434909427e-01
9.424424062973929539e-01
9.618986346415040467e-01
9.703279164248403976e-01
9.583811710677382356e-01
9.517810599478714328e-01
9.684499314128943714e-01
9.679436498239056830e-01
9.516268355888281016e-01
9.356908598317410508e-01
9.670699405827188899e-01
9.737315581144296850e-01
9.582672625054058368e-01
9.741492624507083198e-01
9.638597499640753075e-01
9.615412109514618333e-01
9.492826398852224346e-01
9.546645320913986765e-01
9.576787891829854349e-01
9.639141975751488456e-01
9.605103713735833049e-01
9.570053475935829113e-01
9.526330852890669831e-01
9.616470077429626340e-01
9.548532731376975224e-01
9.483645193543779328e-01
9.809725158562367930e-01
9.684141736857392324e-01
9.566523605150214493e-01
9.866831611119196710e-01
9.525050680567622718e-01
9.553460498428707481e-01
9.851136446154963311e-01
9.651808601538023336e-01
9.498387674668578029e-01
9.483861692186039694e-01
9.602413141444977596e-01
9.927731951237316332e-01
9.577516263431036236e-01
9.469691547985400470e-01
9.686823495453888988e-01
9.570622276202043199e-01
9.558134505874720244e-01
9.785134838851129446e-01
9.624637681159420310e-01
9.735334638532375795e-01
9.586956521739130599e-01
9.672846237731733687e-01
9.752503991871098732e-01
9.547563805104408718e-01
9.603260477530116690e-01
9.550360997926942153e-01
9.768418005500072443e-01
9.573913043478260443e-01
9.580052493438320216e-01
9.860778768762236135e-01
9.985435479172735107e-01
9.475030191091852183e-01
9.523101959951885132e-01
9.685588891287143509e-01
9.680332568807339388e-01
9.536380731954289258e-01
9.525799942346497851e-01
9.504873017002205549e-01
9.796081277213353200e-01
9.574591651542649906e-01
9.822445808981282722e-01
9.610240184093197247e-01
9.498274870615296406e-01
9.502798105897546366e-01
9.603697864411637752e-01
9.843209422156790067e-01
9.651575516117348874e-01
9.665520017565688571e-01
9.700898030127462768e-01
9.814556915634391476e-01
9.542045868219876104e-01
1.009133765468473776e+00
9.723239127251427361e-01
9.569346770100776167e-01
9.561827762939435482e-01
9.644214905673911264e-01
9.495101194307373760e-01
9.618055555555555802e-01
9.597146151628711541e-01
9.736252619408917175e-01
9.465298212875906669e-01
9.541828295396326265e-01
9.847742127153892300e-01
9.652030420433347357e-01
9.588066139468008897e-01
9.499527169564268014e-01
9.679673849737915337e-01
9.851136446154963311e-01
9.761852741970723502e-01
9.717167287875465576e-01
9.661116841019595780e-01
9.756896426231894681e-01
9.519790454016298087e-01
9.426952592698845113e-01
9.421163279607568386e-01
9.596879063719115921e-01
9.606725562838415167e-01
9.530342624854819533e-01
9.941770472469964037e-01
9.783527696793002937e-01
9.611221559531698544e-01
9.721737866899157199e-01
9.618424834722621997e-01
9.725947094599545206e-01
9.407365196951349429e-01
9.579351288734433423e-01
9.388837142652431966e-01
9.697863463060211187e-01
9.621696195178622846e-01
9.574314574314574111e-01
9.560265282583622071e-01
9.370010787486515724e-01
9.600234294918729150e-01
9.501051562839945008e-01
9.567808170005025481e-01
9.625570104457848997e-01
9.785337591918591427e-01
9.714749023365519820e-01
9.582853025936599600e-01
9.677254844820049051e-01
9.435489700036140404e-01
9.771723122238585857e-01
9.792113634682252377e-01
9.480903905855172509e-01
9.463740735358232570e-01
9.641151787006222440e-01
9.414623531118525568e-01
9.348358294930875223e-01
9.613865730583589508e-01
9.751287711552611981e-01
9.751431035834705607e-01
9.680647406891750295e-01
9.816672431684537736e-01
9.428040854224698508e-01
9.256034823901859721e-01
