9.888927115631113152e-01
9.838479159625211912e-01
1.011739459925488749e+00
1.000732748298364561e+00
9.984606752815334829e-01
9.936988851049001203e-01
1.010277584228810088e+00
9.910321754404837202e-01
9.846061851084910721e-01
9.936580399231338401e-01
9.764463203459672336e-01
1.016387164838781665e+00
9.825667839042531160e-01
1.001804113063550217e+00
1.013528229222695920e+00
9.951520405690557070e-01
9.925209018489770108e-01
9.915254884991834272e-01
1.003772638012971230e+00
1.011009304769290518e+00
9.965535955010540459e-01
1.008937133907975792e+00
9.860990947475827273e-01
9.864135783634759846e-01
1.007916059573635614e+00
9.934195530603603386e-01
9.828854987908308694e-01
9.728123658098770665e-01
9.998714927555795162e-01
1.009078807765251939e+00
9.851587696065702282e-01
9.988230884783848573e-01
9.909483497467668212e-01
1.004783957104329994e+00
9.978043295509991806e-01
1.014594218337122822e+00
1.010355294432821349e+00
9.856029500411676025e-01
1.001268318737680962e+00
9.953028109859080041e-01
9.908498843398658718e-01
1.020797737183783083e+00
9.802208368868471355e-01
9.787559700679068220e-01
9.982681128631584189e-01
9.716657659022246429e-01
1.002007638804707668e+00
1.007111277321219855e+00
9.887726217624568381e-01
1.006816144270604285e+00
9.897788203267684493e-01
9.902193757683848130e-01
9.842856275761833196e-01
1.010226251957066612e+00
1.009292430610876368e+00
9.986557709556781459e-01
1.030055343799545220e+00
9.820205082514740225e-01
1.002436593854951319e+00
1.000621736910959791e+00
1.018805700368877076e+00
9.999814754887292878e-01
9.970089424122331456e-01
9.830783507512710351e-01
9.951828221935604679e-01
1.001613116233547984e+00
1.005023598899691617e+00
1.017942397593402992e+00
9.787936426880882168e-01
1.006096504828812632e+00
9.903298675585514577e-01
9.950964979893749396e-01
1.006408350471021951e+00
1.011566264846923913e+00
9.796812485132497805e-01
9.747600749608293924e-01
9.986448781825196797e-01
9.977066546032143934e-01
1.018841571336599694e+00
1.014387758556068997e+00
9.951258681551109486e-01
9.870908653375009001e-01
9.962725298479488956e-01
9.934999300751419238e-01
9.902286295706511643e-01
9.973955913941975338e-01
1.014786989247982163e+00
9.736868069662644176e-01
1.000624692194541199e+00
1.009540806396044932e+00
9.908067781791857209e-01
9.860606270048031252e-01
1.003088675021341025e+00
1.002653603504716440e+00
9.937996348000120994e-01
9.929794582882079945e-01
1.005742130724957439e+00
9.995709325477812879e-01
9.721268975522110445e-01
9.908865461388194351e-01
9.827463114329462179e-01
1.018748881254618599e+00
9.893198996479422025e-01
9.910963093797510171e-01
9.968826293752132139e-01
1.000588518502398827e+00
9.947323924264492856e-01
1.025123570620730895e+00
9.836837587278254302e-01
1.009284565906211073e+00
9.907502400395659103e-01
1.001535938586550989e+00
1.003773167409005573e+00
9.921453277964543682e-01
1.001528009067340408e+00
1.011716411399447235e+00
9.894682125622397129e-01
1.006103054294395616e+00
9.762420140670777791e-01
1.008891448340322627e+00
9.897064235675356869e-01
9.884886609370537869e-01
9.928431822160976861e-01
1.031290235069965533e+00
9.868430214261892930e-01
1.000793329329340065e+00
1.001522684999171409e+00
9.793820378280705397e-01
9.952069077315757184e-01
9.924674147416899794e-01
1.007355347392548950e+00
9.830653319368605203e-01
9.797756946995004323e-01
9.802837913562572059e-01
1.003732690274138140e+00
9.869409678871525760e-01
1.005063802888495950e+00
1.017668272155262787e+00
1.011315233102095812e+00
9.944678069850586555e-01
9.977136425570856115e-01
1.014106215012645640e+00
9.993177601140473820e-01
1.003226322846906271e+00
9.926788764009448762e-01
9.855847900122006733e-01
1.001567671255310987e+00
1.020847367902167013e+00
1.005802623452433764e+00
9.798472767961372565e-01
9.758603108309336083e-01
9.838992785508422489e-01
1.014068241130729797e+00
9.822395703901156683e-01
1.000674463532786662e+00
1.012185784160209545e+00
9.882542341566120658e-01
1.021518711736532747e+00
9.941107104234376823e-01
9.951861896392821816e-01
9.957101871350568789e-01
9.978977640229810264e-01
1.013460070718153139e+00
1.003066066855678340e+00
1.010168513997849127e+00
9.807328222535295348e-01
9.940081586512418133e-01
1.012590018040601558e+00
9.896332637841591673e-01
1.017584366026394793e+00
9.914568592017294346e-01
9.858505298049523580e-01
1.027715136289460096e+00
9.682729859251648641e-01
9.998013069928324281e-01
9.967721211643578716e-01
1.005877468328268742e+00
9.976518668344627194e-01
1.000162242676428503e+00
9.923629534950968445e-01
9.888163871096502522e-01
9.939852869932301882e-01
9.992822840615086522e-01
1.012943309494209965e+00
9.927156592766518406e-01
1.020258525628314761e+00
1.009270302475266501e+00
1.001396602913056766e+00
9.960559905507925249e-01
1.012648245353813037e+00
9.989307173901325054e-01
9.789138074121285227e-01
1.002309068262185132e+00
1.003877806874635459e+00
1.010124387372853150e+00
1.004132108337196572e+00
9.909337659216234107e-01
1.012041336790194368e+00
1.001840426973771292e+00
9.945142448456908424e-01
9.976688212145371493e-01
9.877868908522243752e-01
1.003799026234399427e+00
1.005190435935205295e+00
9.943991505038566325e-01
1.020740028011752232e+00
9.924449802202039983e-01
9.897644458043325377e-01
9.755351620436895077e-01
1.001392054526482500e+00
9.985992791989740658e-01
9.909225887650644493e-01
9.936718667793922322e-01
1.001822851112827761e+00
9.955551536681729319e-01
9.970435981316770890e-01
1.010785730410251881e+00
9.859054610785494832e-01
1.006250602391169480e+00
1.011319943970486079e+00
9.871269224697951650e-01
1.010290455737669513e+00
1.007423407449254960e+00
1.007709460032157889e+00
9.967590533755751325e-01
9.981854458892452930e-01
9.952977123353927702e-01
9.718779837101604313e-01
9.978225172838601775e-01
9.978646189163388192e-01
1.002683369918492051e+00
9.983196088472722218e-01
9.938711183420669837e-01
1.016576567617016646e+00
1.009408018233814763e+00
9.924257949428811898e-01
1.011960972627298450e+00
1.002644583131600875e+00
9.937749754819938941e-01
9.964607995787118089e-01
1.004746087449832626e+00
9.726942980974473407e-01
9.905257056921741299e-01
9.844800470633863210e-01
9.702519929197285231e-01
1.012429461347735371e+00
9.837596772816922241e-01
9.958001175760862189e-01
9.987459007686381174e-01
9.936007168267843026e-01
