4.402658824803057369e-02
5.638437636237846745e-02
6.014203406024822007e-02
4.678915855959409065e-02
4.707422406915769825e-02
4.039029147201214642e-02
4.649778520690723421e-02
4.229072457539267971e-02
2.427418809306228567e-02
2.621449515699359953e-02
4.664276587665287105e-02
3.885084936271091666e-02
3.873933921936805608e-02
4.106888015316964569e-02
3.671552323133517315e-02
3.494778246936230959e-02
3.833053623308575741e-02
3.346300795796192801e-02
2.724594763327894617e-02
2.894978363380234024e-02
2.656309611940989301e-02
2.907466633187438115e-02
2.494283388523411971e-02
2.343465217597609160e-02
1.961269704768415015e-02
1.589229775731793026e-02
1.301413961508056556e-02
1.170228119021402696e-02
1.329473174851778135e-02
1.102412665173318693e-02
9.308887803655763529e-03
1.248740240837046059e-02
6.797711222971443076e-03
6.062265324056853241e-03
9.721023141055690209e-03
4.152094659347172617e-03
1.154587468252506882e-02
4.685147526127201451e-03
5.193033638897390399e-03
4.846540092165261410e-03
2.456044974356808453e-03
4.055291406837286013e-03
2.226202655894106430e-03
4.799060962446342199e-04
2.695936654168540857e-03
5.455550602794063345e-04
1.008483120953514688e-03
6.969857299015378739e-04
6.107189653975670122e-04
1.543003972524273609e-03
6.620529263046878981e-04
1.386806913476882220e-03
2.151788220964905788e-04
3.137160230035866281e-04
1.173322638365932244e-03
4.753080236803715981e-04
8.222832724898314133e-04
1.509432785181383891e-03
6.199221682815400343e-04
7.752375100309362313e-04
4.821385911803955011e-04
