3.569357003407561124e-02
3.618348106097602629e-02
4.476205662661501133e-02
3.330796551693995106e-02
3.061571651973155755e-02
4.081646962276585383e-02
3.275122645093472840e-02
4.906937792013264799e-02
3.286756726044946786e-02
2.823617114994989366e-02
3.440803937928509082e-02
3.229465353337182543e-02
3.350656749051735689e-02
3.398088073732991043e-02
2.987331274888737481e-02
3.600881551501259464e-02
3.077289460067032106e-02
2.433737414638251911e-02
2.251873403010305752e-02
2.274123484287451577e-02
2.712275392811234684e-02
3.147391968512060906e-02
2.242041534554448101e-02
1.711772861340767407e-02
2.564571378625923881e-02
2.544041664875849179e-02
2.152752629810700258e-02
1.801236728209253124e-02
1.884733383002978185e-02
1.626741395447602739e-02
1.345195645351138225e-02
2.282825013637104425e-02
1.643979487812110771e-02
1.254129017246557141e-02
2.316651750853367456e-02
1.571934285324703626e-02
2.255296240119962145e-02
6.549589596241963546e-03
1.429316326384364941e-02
9.350630613007691883e-03
5.348296734911952253e-03
1.446251965994454353e-02
1.162523345835642270e-02
1.134715215794377709e-02
1.104859113841242906e-02
7.746779965983313816e-03
4.910978229828086121e-03
5.280195615391205556e-03
6.835475914223087569e-03
6.702103666491693486e-03
6.126017032335459925e-03
1.254541155864716175e-03
2.527837036297349033e-03
2.371274535200092182e-03
2.791969476283163130e-03
1.812196582071101247e-03
5.894030544732396749e-04
1.318842555984201578e-03
8.528072902253146150e-04
1.137225069468144516e-03
6.361083281136840385e-04
