1.000000000000000000e+01
2.256410256410256210e+01
3.512820512820512420e+01
4.769230769230769340e+01
6.025641025641025550e+01
7.282051282051281760e+01
8.538461538461538680e+01
9.794871794871794179e+01
1.105128205128205110e+02
1.230769230769230802e+02
1.356410256410256352e+02
1.482051282051282044e+02
1.607692307692307736e+02
1.733333333333333428e+02
1.858974358974358836e+02
1.984615384615384528e+02
2.110256410256410220e+02
2.235897435897435912e+02
2.361538461538461604e+02
2.487179487179487012e+02
2.612820512820512704e+02
2.738461538461538680e+02
2.864102564102564088e+02
2.989743589743589496e+02
3.115384615384615472e+02
3.241025641025640880e+02
3.366666666666666856e+02
3.492307692307692264e+02
3.617948717948717672e+02
3.743589743589743648e+02
3.869230769230769056e+02
3.994871794871795032e+02
4.120512820512820440e+02
4.246153846153845848e+02
4.371794871794871824e+02
4.497435897435897232e+02
4.623076923076923208e+02
4.748717948717948616e+02
4.874358974358974024e+02
5.000000000000000000e+02
