9.873103892447555596e-01
9.882853800458322180e-01
9.861021609102756935e-01
9.744852752504873372e-01
9.602552916333155775e-01
9.448388641956680933e-01
9.330213787192563890e-01
9.146162368655028629e-01
9.073731078378408643e-01
9.072935071067351753e-01
9.013731900562602650e-01
8.968831888915287376e-01
9.006834250224740046e-01
9.057603271980503301e-01
9.099272643678146810e-01
9.157772429447634810e-01
9.167472827202731711e-01
9.217848923157684338e-01
9.125372457332983078e-01
9.176485571625084825e-01
9.204648981934526741e-01
9.139155907125814382e-01
9.133531254165172530e-01
9.120527128856946719e-01
9.081026702277746887e-01
9.103434232139069326e-01
9.004641784038005525e-01
9.044445673618781711e-01
9.025897344665195776e-01
9.123947318887183355e-01
9.053786671911792094e-01
9.165568089609041902e-01
9.092731756410720179e-01
9.184551018164364145e-01
9.160471140891744968e-01
9.158486194720689699e-01
9.086314896467770907e-01
9.062314761546286235e-01
9.132437329129357018e-01
9.138091865614120790e-01
