1.000000000000000227e+03
1.620761638401134405e+03
1.585803540828429686e+04
1.785160845095896730e+04
2.033797274712242370e+03
1.424745391971548770e+03
2.654696759507799288e+04
2.833080384539094212e+03
1.000000000002160164e+03
3.374897814090157681e+03
2.775177099756590906e+03
3.465655313046402625e+03
4.999999657401654404e+05
5.193857850336387855e+03
7.624139372890742379e+04
1.262588162939243830e+03
1.332883332485402643e+05
2.264138049450820290e+03
1.457387980239178287e+05
2.618300203813686494e+03
1.053066781827898194e+04
1.940409542604287344e+04
2.607348008930775977e+05
1.000000000000000114e+03
1.000000000000000114e+03
5.434741872141549720e+03
2.704326186588507881e+03
2.853776448708532262e+05
1.605724424700997224e+04
2.489493434788978266e+04
1.173002210671893772e+04
6.423591902074858808e+03
4.999999991612516460e+05
4.999999999951302889e+05
7.534403338921183604e+04
1.000000000002363890e+03
1.921156593270705343e+04
1.518465412384870433e+03
4.999952287756607402e+05
4.035697412837141892e+05
4.999997199197719456e+05
4.999999999999324791e+05
4.615295914752912722e+03
3.417821635224410329e+03
1.429269223926089217e+04
9.417817020411173871e+03
7.481811052389839460e+03
2.839041646798833244e+04
2.811725643920599396e+03
1.000000000000000114e+03
1.000000000000000114e+03
1.143891286608717382e+04
4.884697041333230118e+03
4.189968647232710646e+04
1.651262551698584502e+04
5.755185651287258952e+04
3.507601245349514102e+03
3.892047087984097288e+03
1.762228558391940533e+04
4.999999999999999418e+05
9.296835328694212876e+03
5.227452367821343614e+03
