7.066701198288823434e+03
1.031227526125685290e+04
1.472827426696821567e+04
1.888360611609736952e+04
2.689438802923831645e+03
1.000000000000000114e+03
1.596860693734844062e+04
1.036594111110426638e+04
1.424354363370314786e+04
2.052420884610388384e+03
1.472270967588199419e+05
1.347680594141723122e+04
1.874297150802489341e+04
1.175158716592107521e+04
4.455544547242257067e+03
2.362236510303831164e+04
7.429434703092114069e+04
1.859700231136664343e+03
6.632983560054350528e+04
4.754934499689571385e+04
2.022674925369886478e+04
1.000000002134976171e+03
4.999999682812704123e+05
1.000000000000005798e+03
1.410383747278278133e+04
3.966956238517392649e+03
1.059124440198740922e+04
