1.341233178173912165e+04
4.795692745161896892e+04
2.370738252190086132e+04
5.985200133215845199e+03
2.276014084988904506e+04
1.044315574015273705e+04
7.273678401258297527e+03
3.627281350914057839e+04
1.587658816384421880e+04
4.668987266383974929e+04
5.313725944682704721e+03
1.453968803678895529e+04
5.727834154765066160e+03
5.146279696974882972e+04
5.939330533591519270e+03
4.999999957539791940e+05
2.899094249456515536e+04
5.758789311897293373e+03
2.514513788727307656e+03
1.183167470375537278e+03
4.999931393008686136e+05
3.497578562233709818e+04
1.000000000000001023e+03
1.748177020225732485e+04
3.232186205128198253e+03
4.447394289958061563e+03
4.311221934997953213e+03
6.582999011255391451e+03
9.726502555098604716e+03
1.000000000018194442e+03
1.000000000000000114e+03
3.070286218252521394e+03
6.750389076570383622e+04
6.662007834473009098e+03
1.004450859488088781e+03
1.180773466003227259e+04
4.098460851615106549e+03
2.402240293255631696e+04
1.516826646971143600e+04
1.415908661338544516e+04
5.148524062353050795e+03
7.096086606041314553e+03
1.466233600343979924e+04
3.639442305039229723e+03
5.012555848350874840e+03
6.751418552449787057e+03
1.126742141010931846e+04
1.135680360300995017e+04
3.374462487887457246e+04
1.896641773291911159e+04
1.475314276910581839e+03
8.446307790376962657e+03
4.999999999999999418e+05
3.187640829263682826e+04
1.570709996545864851e+04
2.237240605152847365e+03
5.946748818884806496e+03
5.799135912260720033e+03
1.566660671668605937e+04
1.586900173250331363e+03
2.177561347608093911e+03
4.024320115610756911e+05
1.633102692373503260e+03
8.459532272857552016e+03
