1.008269860131620771e+04
2.832658752984444072e+04
1.941278477697128983e+04
4.999907643062092829e+05
5.426499788729051033e+03
5.936513336584484023e+03
4.999969549961618031e+05
2.503094251764897126e+04
7.161596881001632937e+03
1.808586476098512139e+04
1.737938621351879192e+04
5.942660622808840344e+03
2.015642785565104714e+04
3.160799603468815985e+04
1.465900569167327485e+05
1.707283311408881127e+04
4.341547606770807033e+04
7.117788628161191809e+03
1.383155916475900085e+04
4.999935728290253901e+05
2.327291519010467255e+03
3.424042433063787757e+04
1.133496996693473011e+04
4.062987360096567954e+03
4.999998920714336564e+05
2.749407079539188999e+04
2.533653287775490753e+03
4.885596074064388085e+04
4.999999969768406008e+05
1.477803246141986165e+03
1.000000000000566843e+03
1.504109441799286742e+03
1.000000009110503015e+03
1.498643845861072186e+05
1.511404530406445701e+04
1.808220566271453936e+04
6.100439230228714223e+03
5.484178217982723436e+04
4.135832978975549922e+05
1.007792049106610466e+04
5.949976582921803492e+04
1.000000000000000796e+03
4.209950511807225121e+04
1.461640404202843638e+04
3.992482034847809700e+04
2.096625251723612746e+04
1.329121783600097115e+04
1.348852183439680266e+04
4.999962263590720249e+05
2.425394363394928223e+04
1.256174163847283853e+04
1.837863015418931536e+04
5.090961766084738883e+03
9.079884983326170186e+03
1.435392170087872364e+04
1.721391590039416042e+04
2.433145292238677212e+04
1.181971188700704988e+04
5.009244483844918250e+03
6.379453213684477305e+03
2.538359601372806719e+04
1.819586932715531293e+04
7.698633866453201335e+04
8.799720971391647254e+03
3.697433314797385265e+03
2.709472764612171886e+04
1.000000000000000114e+03
4.429226759035461873e+04
1.696044265262605404e+04
1.292339803170232881e+04
8.563017031468805726e+03
1.113758541122232964e+04
1.358719586839489057e+04
2.269269969808766837e+04
2.158453219778280618e+04
1.254892271133587383e+04
6.115333052653034974e+04
3.117845565404739318e+04
1.541195726517425283e+04
1.436252756962165222e+03
3.054570181243020124e+04
4.629057052173764532e+04
4.999999999999997672e+05
1.391945224291199520e+04
4.917245944692774356e+04
5.264258883272011190e+03
1.400473583317990779e+04
6.167127230240993958e+04
3.565847141636353626e+03
1.850897643885297657e+04
2.809624368896713713e+04
1.561068494708557409e+04
8.811274833321296683e+03
1.557196007879104036e+04
