2.500522094120916154e+04
1.619045715208047841e+04
4.530024997629282552e+03
1.543938927376878200e+04
3.191091336659683293e+04
2.127000543555577315e+04
3.281091196170936018e+04
1.256236343948988724e+04
9.649555619874088734e+03
4.106817349640622524e+03
2.184299458085439255e+03
9.508829812416053755e+03
3.620532704887221371e+03
1.332462240973539883e+04
3.321919196628532063e+03
2.394924414035406880e+04
1.063966563758349184e+04
2.319978751575398746e+03
7.766434493697322068e+03
1.028168306457522340e+04
2.500795027782509806e+03
2.058925812517534268e+03
5.030513696412551326e+03
1.000000000041909402e+03
3.544280878766340174e+04
2.839354014468832247e+03
1.989060083574447390e+03
2.014232785880196388e+03
2.133624959439356644e+03
2.002775699560461817e+03
4.123899246946579660e+04
2.567920446479244129e+04
3.383285363011199661e+04
2.921261909436810583e+03
2.469231055095824922e+04
4.999938749760928913e+05
1.000000000000000114e+03
1.501502306251045184e+03
7.581980800730288138e+03
4.588342752270858909e+03
7.613589678577534869e+03
2.033966544676329795e+04
4.726242376169871932e+03
2.002905257255256402e+03
3.027840191104420956e+04
2.402581044968674178e+04
3.385557374222665203e+03
1.535544458643945109e+04
9.460442121122292519e+03
8.299333967100685186e+03
4.323736881323304988e+04
2.979780225995360524e+03
1.543349422171428614e+03
1.034788318893664291e+04
1.197275411030432224e+04
1.660296737832316239e+03
7.458694034093957453e+04
9.966081253368156467e+03
