1.000000000000000114e+03
8.851774344280380319e+03
2.270852440028625551e+03
1.802264762128703587e+05
5.618171683934754401e+04
4.999999999999999418e+05
1.715389346493750927e+05
3.314943133586823933e+03
1.416759287747396684e+03
2.055339085390380569e+04
1.637884665359792598e+04
2.753369497757502177e+04
3.874983070487122859e+03
1.851035401735151390e+04
2.654505125439705444e+04
6.154314116588804609e+04
1.187239773915257319e+04
1.007580235660876133e+04
4.999881127705476829e+05
7.715192933535479824e+04
4.557266949511673738e+04
1.000000000000000114e+03
4.972284100818056686e+03
7.633136627588116426e+03
2.373185808600004020e+04
3.440039208704498378e+03
4.683764047842989385e+03
1.357337251512030707e+04
4.096656640724535828e+04
1.371051696421573070e+04
3.298691391724723508e+04
1.432093951834252221e+04
5.719366700730465527e+04
2.557316502950708127e+03
1.829632171621980160e+04
