5.569944126516957112e+03
4.417812424277884566e+04
2.203018466970869849e+04
2.577267663813262516e+03
9.191861976462823804e+03
2.587021506956357189e+04
4.179070677821811842e+04
8.298211464259480636e+03
5.270789105765906243e+03
2.206349205726625587e+04
2.935363159402713427e+04
2.592654707589334066e+04
6.157876214647016241e+03
2.322114088201515551e+04
1.233933143638715956e+04
1.531598620358923654e+04
8.495785164614228052e+03
1.378779441427170423e+04
1.823803407305975270e+03
1.666914620553549685e+04
3.479877305865094968e+04
4.954361623080952268e+04
8.183246548117572274e+03
1.211268589328248345e+04
1.826124272013257723e+04
5.179821513685009450e+03
4.208615780159177666e+04
5.585567686037980820e+03
1.275365787031112995e+04
1.669029022783895198e+04
