4.999999999999681022e+05
9.781313163849757984e+03
9.834202277349750148e+03
4.999971289242385537e+05
6.072025022410020756e+04
1.725698601636117746e+04
1.222339527871689825e+04
4.487096010069290787e+04
1.012318565371247823e+05
1.000000000000000114e+03
2.503477902836333669e+04
1.945582918594713556e+04
8.892641408068438977e+03
2.294096142968935965e+04
4.999999999993742094e+05
5.050813828592979553e+04
4.999966290123265353e+05
1.198459059787486876e+04
4.991392780565399880e+04
4.999997157875864650e+05
1.123703834361278132e+04
4.999999999999999418e+05
8.122242314518830426e+03
3.407131650167527550e+04
2.515318340039806935e+04
2.114219237799489292e+03
1.183206946405960934e+03
3.598227605327688798e+04
3.256557699462377059e+03
8.647285823597657145e+04
2.858131855699999960e+03
1.221946979515434214e+05
1.173651678958660341e+04
1.250699596877450495e+04
1.198290588733903569e+05
2.363592861834381983e+04
3.523935650709002948e+04
3.274613393250817535e+04
