2.467961608222120267e+05
1.823286979749118327e+05
7.993107576225830599e+03
1.000000000000001364e+03
1.000000000000000114e+03
4.999999988530526171e+05
1.025015069910636885e+04
4.999999849758804194e+05
1.484309414336085320e+05
1.309417064844874549e+05
1.677251152667395900e+03
2.272021597998972356e+04
5.791757670077473449e+03
1.145789007140594913e+04
1.607853444927052442e+04
6.791863375885988353e+04
1.025574494368109481e+04
3.544334903246674912e+03
4.152499902841677249e+04
9.136415998765787663e+03
1.794337665567116574e+03
7.510821438252012740e+03
1.980232977878823704e+03
4.999999999907919555e+05
2.323794965029086597e+04
1.474764902329884353e+05
4.999999767804850126e+05
1.000000000000026148e+03
1.362200249404844726e+04
1.292660969438954780e+05
2.017461393729431802e+04
1.000000000001006924e+03
1.616649979800022265e+05
1.000000000000985779e+03
5.963050064130167812e+03
7.041614381436469557e+03
7.969319584026945449e+03
6.904538649869122310e+04
1.000000000000293539e+03
1.462596862773130415e+05
2.298144193565089154e+03
4.286715991263640899e+04
4.139075256757103489e+04
4.999994253605794511e+05
2.631148679981638998e+04
6.320797184569438286e+03
2.042728711857476083e+04
4.999999999999999418e+05
3.091726124035264093e+03
3.740971585150402097e+04
2.648073050309576865e+04
1.241177008437707627e+03
1.189154256874300881e+04
1.030244933923174176e+04
1.591063157401482931e+04
9.668851243875331420e+04
3.790993491310013342e+05
7.230019616844575467e+03
1.970371040116363292e+04
4.999971725001931190e+05
4.324151781647930875e+03
3.990381458463973104e+04
4.999999999996817205e+05
1.178805746772353996e+04
1.340400336037938905e+04
