3.673235747740713578e+03
1.000000000000000114e+03
1.374251584888141224e+03
1.000000000000000114e+03
1.290873066792804093e+04
4.162623799865626643e+04
2.229044244091828295e+04
1.294231993385348005e+03
5.160164970343448658e+03
5.950357799777024411e+03
7.897773121303080188e+03
3.927734987346075286e+03
2.574739603799654651e+04
5.161199083859308303e+03
3.934438409712845896e+03
1.693038463673711158e+04
1.331131086176616554e+04
1.000000000000000114e+03
3.478128672412297601e+04
1.136487795179687782e+04
