3.529111708251622986e+03
3.118538051215999985e+03
1.382432510433626703e+04
2.851638937810975222e+03
2.298830961403479705e+03
1.795737921442816969e+03
1.000000000000000114e+03
3.668013739716791406e+03
2.508465267418909662e+03
4.303231437854065916e+03
4.571161731991206580e+03
2.097312334036497632e+05
5.775385851172324692e+03
4.028574741608133991e+03
4.455257169505964266e+05
1.000000000000000114e+03
4.999997844888579566e+05
1.279575062826239446e+04
4.132933648030072800e+05
3.016208474211241992e+03
4.603664252507297533e+03
1.000000000000000114e+03
2.703634285603633034e+05
1.000000000000000114e+03
1.000000000000001251e+03
1.552356061808731465e+04
1.529035980172876771e+04
4.455098484829167137e+05
1.000000000000003865e+03
3.170714196779940903e+04
1.652919767741003670e+04
1.406827444534547976e+04
4.642943006137893462e+03
1.595888136133958596e+03
6.082826133778809890e+03
1.318798186866816104e+04
2.292348326581907750e+05
1.129983071419002044e+04
5.763398911518899695e+04
6.943372467811926072e+03
1.000000000004583853e+03
6.892022952427425480e+03
5.457666783804160332e+03
5.789303296996927202e+03
6.386560213492951334e+03
1.464551796525135796e+04
1.137176099201251600e+04
3.782443039460767613e+04
1.000000000000000114e+03
2.509392551174173423e+04
9.967266438291815575e+03
2.192449473434771789e+04
6.139313159530643134e+03
1.121258804940704431e+05
1.406998422491291785e+04
4.999999999999999418e+05
1.717596868970644437e+03
4.474834828131548420e+03
1.724383511008483993e+03
1.000000000024958240e+03
3.175219735152280555e+04
7.445269318356497024e+03
