9.426027097651995064e+03
1.457096868341845111e+05
5.140012942593288244e+03
1.917687590519717787e+03
4.999999643222459708e+05
5.671301976244752950e+03
1.475123490620572702e+05
1.600318625341437610e+03
3.349930461246897721e+03
3.975237534039638558e+04
4.999955906318998314e+05
6.968424230040326620e+03
1.474515498953069327e+05
2.095347600900130055e+04
1.477467458519762731e+05
4.999999998004955705e+05
2.891227936216830130e+03
2.110227079830859439e+05
1.945731027778513180e+03
2.091865034877004291e+03
2.914157060364684439e+05
4.999999993365497794e+05
2.039475167159799093e+04
1.496285463919583417e+05
4.999999999999995925e+05
2.624471740590520312e+03
4.581651840998794796e+03
3.377345643453325010e+03
5.113766643919301714e+03
1.000000000000000796e+03
1.000000000000000114e+03
4.999979880580028403e+05
1.463174182284458075e+05
3.904539618561158932e+03
4.999996358247851604e+05
4.415643441792230078e+03
5.177356212387548112e+03
6.414579802656090760e+04
3.179378488899090735e+04
5.958508813282858682e+03
2.575590380748367807e+03
4.513024812309312438e+03
1.116175094937307767e+04
1.459108949322653352e+05
5.474290085102496960e+03
1.461922531391555094e+05
4.641471889398145322e+03
5.703343183816571582e+03
2.795551638345496613e+05
8.667007010571194405e+04
1.000000000072882244e+03
5.007634360981640384e+03
4.999998464910175535e+05
3.920517692492129572e+04
2.122138746679166434e+04
1.000000000000000114e+03
2.765030291722660877e+03
1.000000000000036152e+03
3.823892175417748513e+05
1.144229839531471271e+03
2.400774128502369422e+03
4.999999999999999418e+05
1.000000004627946737e+03
3.953124643775611275e+03
