4.999999999999999418e+05
1.334243677974926686e+04
3.096002783971280587e+04
6.891802615608664928e+04
2.648383397457596584e+04
4.999995388560078572e+05
4.999999148975564167e+05
1.063148710157349706e+05
1.477299943568705348e+05
1.477340234254605020e+05
5.605686059673233103e+04
1.485862605038209003e+05
8.032897262647627940e+03
7.077867721690512553e+03
1.477391964757341775e+05
3.525059481644639163e+05
5.761301188547600032e+04
4.999360151092396700e+05
2.360492593615603982e+04
4.999999999999989523e+05
4.999996592186029884e+05
4.999918922707337770e+05
1.429448669839218746e+04
6.132253207068715710e+03
1.237686261109313273e+04
4.999999960472587263e+05
1.617853000664063438e+05
7.737068549518838154e+03
5.067815701902855835e+03
3.751131624173082855e+03
2.781000629460989330e+03
4.841666866102375934e+04
4.378580793415837252e+04
3.853086259084276389e+04
1.000000000000011937e+03
2.583547711137422539e+03
1.567943074027596449e+05
4.999999428818312008e+05
8.558363317398532672e+03
4.642778842570055531e+03
1.814833554417558480e+04
2.049964220853988809e+04
1.000000000000125056e+03
2.566334515895018285e+03
3.892899277673425786e+03
1.000000000000000114e+03
2.304845415211096042e+04
3.887514608367213896e+03
1.603210821219415038e+03
1.253486933814664553e+04
2.162490921816823629e+03
6.942952631721658690e+03
