4.999999827091870247e+05
3.241032108698742013e+04
1.012088425215712959e+04
6.688174301777755318e+03
5.234545026131943814e+03
5.786996265338319063e+03
4.999999999985704198e+05
4.814675665236015448e+03
2.081098632357959104e+03
1.105259290221686388e+04
4.424515427934963554e+03
9.744060643849628832e+03
1.017406078621800771e+04
1.605184096642603799e+04
1.897517562686131714e+04
3.617061093808945589e+04
2.644269877855373488e+04
6.173955996006078749e+03
8.675807790688548266e+03
1.987764683184911701e+04
2.417124259457478274e+03
8.349606085389388682e+03
1.055632812900349018e+04
4.830552679576795526e+03
4.999999999999999418e+05
1.352634339565709706e+04
4.999999998440624913e+05
2.146481328759603639e+04
1.479252272325963131e+05
1.612893136753736144e+03
1.479183326725659754e+03
4.928484096501738350e+03
1.180045219148674732e+03
2.225948206278559519e+04
4.999993811256405315e+05
1.426568844487008027e+04
7.279309002197970585e+03
6.259178991384051187e+03
7.496854035486249813e+03
1.000000000000001364e+03
4.999998215042069205e+05
4.604619298174849973e+03
4.999999999999999418e+05
5.753783284073378127e+03
9.013481786880212894e+03
1.775022658702543413e+04
1.221245879917916682e+04
1.531631060961088588e+04
3.556393187840066275e+03
3.320722592745426664e+04
6.064739249196752098e+03
1.283696938040336863e+04
1.214032044531133142e+05
7.133684090203531923e+03
1.460044006288516903e+04
1.912703792912559584e+04
7.715769435167507254e+03
8.445461321654889616e+03
4.999963973010224290e+05
6.487977109522546016e+03
1.998419552202404302e+05
1.402038643610202780e+04
2.888803514346508382e+04
7.286683032694434587e+03
3.931229236921762549e+03
1.475453028824610556e+04
1.783947767588164652e+03
5.822036826381757237e+03
7.795937162093791812e+03
1.969096621740444607e+04
5.924852406235766466e+03
8.397566712002657368e+03
9.502048469644643774e+03
9.926905570101593185e+03
2.527203592349398241e+04
1.276465021625042391e+04
1.618949848439309244e+04
1.710344316943601734e+04
1.458410668481770699e+04
3.763410994807114548e+03
2.014657778537108607e+04
1.705828102250748998e+04
1.000000000000000114e+03
2.665534418764829752e+04
2.484194167651604585e+04
5.975260270353404849e+03
9.220806591285538161e+03
2.947297304721653200e+04
8.048464848671152140e+03
1.098155494077415278e+04
3.024020713066909229e+04
1.286399830014761392e+04
8.388267594610717424e+03
1.702904130486864960e+04
