3.207227588696845851e+04
5.861864556266027648e+03
1.000000000000000114e+03
1.364659517201218114e+04
2.129900323080442467e+04
7.222587605560080192e+03
2.363397429288862986e+04
7.930139217008896594e+03
7.313423009602757702e+03
1.670791757196438311e+03
1.000000000000001933e+03
4.970677509861743602e+03
1.000000000000001137e+03
1.576827914061219417e+03
1.000000000000013983e+03
3.340966155436162080e+04
2.794986715600631214e+03
2.346638576354633187e+03
1.018938233407301027e+03
4.384533111958366135e+03
1.000000000000000114e+03
2.325543602434853710e+03
1.968934158174132790e+03
1.335401715595297446e+03
3.813981283958908898e+04
1.000000000016425929e+03
2.385468388303408119e+03
4.999999922841225052e+05
1.478091750721192220e+05
3.308330817063658469e+04
6.743227522030977707e+04
1.481149797146389028e+05
5.168855263897572149e+04
1.000000000000000114e+03
3.713636101311399398e+04
7.194903056174637459e+04
1.242265782228310172e+03
4.997223964607734160e+03
4.031534059245453136e+03
1.462837166736694053e+05
3.369491237482434371e+03
2.015491957671441196e+04
1.651593872577520415e+03
1.000000000000000114e+03
6.218894772657809517e+04
8.121068464036603473e+03
1.000000000013138447e+03
5.572170781073294165e+03
4.584212381836247914e+03
1.483276212915198412e+05
1.553321042049831885e+04
1.060314343890508326e+03
2.469029444642224462e+03
2.506058379613353736e+03
5.786525265360960475e+03
1.000000000074692707e+03
1.647338545440548114e+04
3.905271966918742692e+03
