2.525723329997602832e+03
1.707083236879416654e+04
1.000000000000000114e+03
5.370902548916592423e+03
1.625299845524109696e+04
3.777220370546000049e+04
1.423520661484674565e+04
1.487133049035774638e+04
3.645936466707249201e+04
1.360345674686049051e+03
3.464754326884658894e+03
2.389882737361186173e+03
4.999999999999972642e+05
4.247260674151069907e+03
1.939381685094057320e+04
9.017896169757843381e+03
1.478224962697004084e+05
2.557978320939220066e+04
1.474467771277477823e+03
9.365936832110892283e+04
1.476659256723977742e+05
6.287189088484105923e+03
8.695726962315939090e+03
9.745942240528163893e+03
3.466976213893660770e+03
1.767023281719652005e+04
2.062269282687719970e+05
6.316430370136276906e+03
4.999999999918125104e+05
6.557827436347157345e+04
8.156240231914586730e+03
1.241966218120534722e+04
1.000000000000000114e+03
4.467865911833016071e+03
1.306168986324221987e+04
4.742028465338021306e+03
7.780939713045147073e+03
1.538116659530427114e+03
9.073311699201391093e+03
2.104810675733505832e+03
9.675499547178114881e+03
4.999999999997179839e+05
1.947450600781312914e+03
4.999999999999999418e+05
1.723712226363098125e+03
1.147964888503918701e+04
4.999999999999998254e+05
5.232641986293333503e+03
2.217830937808562794e+03
9.131889428817839871e+03
4.999997356622637017e+05
4.999999999999999418e+05
1.000000001434044179e+03
4.999999257646058104e+05
9.289269805843747235e+03
1.280627491071069926e+04
4.999999998461645446e+05
1.120438043429367972e+05
5.763699175427631417e+03
