2.846414041679195725e+04
1.904721091141351053e+03
7.386587168169065080e+03
1.000000000017903744e+03
2.114415551424665864e+03
1.179887123947234941e+05
5.748318852531300763e+03
1.402686559361594391e+03
1.495022164593304624e+05
5.075521505569759756e+04
2.654591007200428976e+03
9.068304020014673370e+03
5.110003078905253460e+03
6.928067919601670837e+03
1.150086558121656708e+04
2.757103355849181753e+04
1.407418015203579853e+05
3.968139323499820421e+03
2.050019775796071190e+04
6.657031062897417542e+03
1.951926540554728490e+03
5.350516645793254611e+03
1.771048852626164717e+03
1.459455302873606561e+05
1.696120402648657546e+04
9.000257097904301190e+04
3.245530522578071686e+05
1.000000000000000114e+03
1.105130795194817438e+04
5.803612668430795020e+04
1.070004960157135247e+04
1.000000000000159503e+03
7.070605563098779385e+03
1.000000000000000114e+03
7.199032028955673923e+03
8.752051327629644220e+03
7.687130667955492754e+03
2.727603775855274580e+04
1.000000000001884700e+03
1.120290717707642580e+04
1.000000000000000341e+03
2.154703769814494080e+04
3.300797084063916554e+04
1.834864794462734608e+03
1.774795040557347966e+04
8.127753439647904088e+03
1.918248581201564230e+04
6.340369520696106338e+04
2.834010614481134780e+03
1.166446769539775050e+04
7.883297787869503736e+03
1.000000000000000114e+03
6.266831643667330354e+03
7.365794273700595113e+03
1.800398190972795055e+04
2.794499170366601902e+04
4.999999999999703723e+05
4.558617585936073738e+03
9.501164611703346964e+03
5.284617398263292853e+04
6.231166817670221462e+03
1.767022245705287423e+04
1.037013689875805430e+05
7.030144445537142019e+03
9.834536661126308900e+03
