5.562554534576126571e+03
2.791511702026941202e+04
4.999999999999999418e+05
7.003295950295409966e+03
3.554903193561685384e+03
2.517922042526975474e+03
5.224519068482614784e+03
3.572905798210626472e+03
1.480531446513537276e+03
8.544799269200024355e+03
1.134987250341656909e+05
1.000000000000012164e+03
2.266067362287133074e+04
2.645639478205588603e+03
1.491763047381920624e+05
1.086149743037842381e+04
1.939274083826433753e+03
7.447733681693479593e+04
2.865041342602090026e+03
4.465685380437133972e+03
8.512941200215152639e+04
1.115909874700411092e+04
7.779023771658916667e+04
4.999895736807257636e+05
1.552701539459039050e+05
1.791096748898013029e+05
4.999999999999937136e+05
1.773384558242528510e+04
4.999999834617731394e+05
1.317676737362931890e+05
4.999999999999999418e+05
6.882263195005121815e+04
4.885130804201280989e+04
4.999999999999999418e+05
1.477154682308431366e+05
1.300070014607425110e+05
8.645729066674972273e+03
4.999999999999988358e+05
5.429207710105491424e+04
1.449840994465356343e+05
3.599030080645794806e+04
3.347537243129433482e+05
4.382981992769571370e+05
3.198130351845907280e+05
2.207469636491323763e+04
4.999999999817158678e+05
1.476837665997976437e+05
4.132971013575358666e+04
8.668324652673826495e+04
4.999999888059754157e+05
4.999999999999999418e+05
9.790072926216218912e+04
6.758992024088114704e+03
4.999999999999999418e+05
1.936017077269790461e+05
4.999999999999999418e+05
1.576184738396392204e+05
9.073185552495415322e+04
7.363638064292308627e+03
1.959841492260911082e+03
2.739794003837236232e+04
3.894555625571015116e+04
