1.399840000000000146e+04
6.132915000000000146e+04
1.086598999999999942e+05
1.559906499999999942e+05
2.033213999999999942e+05
2.506521499999999942e+05
2.979829000000000233e+05
3.453136500000000233e+05
3.926444000000000233e+05
4.399751500000000233e+05
4.873059000000000233e+05
5.346366500000000233e+05
5.819674000000000233e+05
6.292981500000000233e+05
6.766289000000000233e+05
7.239596500000000233e+05
7.712904000000000233e+05
8.186211500000000233e+05
8.659519000000000233e+05
9.132826500000000233e+05
9.606134000000000233e+05
1.007944150000000023e+06
1.055274899999999907e+06
1.102605649999999907e+06
1.149936399999999907e+06
1.197267149999999907e+06
1.244597899999999907e+06
1.291928649999999907e+06
1.339259399999999907e+06
1.386590149999999907e+06
1.433920899999999907e+06
1.481251649999999907e+06
1.528582399999999907e+06
1.575913149999999907e+06
1.623243899999999907e+06
1.670574649999999907e+06
1.717905399999999907e+06
1.765236149999999907e+06
1.812566899999999907e+06
1.859897649999999907e+06
1.907228399999999907e+06
