9.277062482630601403e-01
9.268357950496315389e-01
9.193077049293941760e-01
9.058654813436536335e-01
9.033594968740823461e-01
8.806146660412396132e-01
8.820181398559598929e-01
8.787252721738958439e-01
8.978595645703111305e-01
9.032337571545553390e-01
9.173138164388379145e-01
9.432739721375495989e-01
9.353154120748773392e-01
9.362903870648898730e-01
9.286014014273629158e-01
9.202374540156857963e-01
9.022882628520204618e-01
8.950058593736744950e-01
8.847442947420407489e-01
8.849707419081297433e-01
8.811026021270430553e-01
8.951365411814795614e-01
9.133950841372531215e-01
9.266516400145137222e-01
9.383891577915131066e-01
9.368688095991115627e-01
9.327150594976860720e-01
9.262681396654000032e-01
9.146133256925885746e-01
9.012077923419057335e-01
8.924267749475770506e-01
8.803154423051068322e-01
8.844548889680652337e-01
8.901930316493167350e-01
0.000000000000000000e+00
0.000000000000000000e+00
0.000000000000000000e+00
0.000000000000000000e+00
0.000000000000000000e+00
0.000000000000000000e+00
